# Light curve with FLUX columns added
# Conversion factor: 5.920967e-12 (erg/cm²/s)/(count/s)
# Source file: 11086_100s_soft.txt
#
# TIME	COUNTS	COUNT_RATE	COUNT_RATE_ERR	EXPOSURE	NET_COUNTS	NET_RATE	ERR_RATE	FLUX	FLUX_ERR
4.0008664980e+08	0	0.0000000000e+00	0.0000000000e+00	0.0000000000e+00	nan	0.0000000000e+00	nan	0.0000000000e+00	0.0000000000e+00
4.0008674980e+08	0	0.0000000000e+00	0.0000000000e+00	0.0000000000e+00	nan	0.0000000000e+00	nan	0.0000000000e+00	0.0000000000e+00
4.0008684980e+08	0	0.0000000000e+00	0.0000000000e+00	0.0000000000e+00	nan	0.0000000000e+00	nan	0.0000000000e+00	0.0000000000e+00
4.0008694980e+08	0	0.0000000000e+00	0.0000000000e+00	0.0000000000e+00	nan	0.0000000000e+00	nan	0.0000000000e+00	0.0000000000e+00
4.0008704980e+08	0	0.0000000000e+00	0.0000000000e+00	0.0000000000e+00	nan	0.0000000000e+00	nan	0.0000000000e+00	0.0000000000e+00
4.0008714980e+08	0	0.0000000000e+00	0.0000000000e+00	0.0000000000e+00	nan	0.0000000000e+00	nan	0.0000000000e+00	0.0000000000e+00
4.0008724980e+08	0	0.0000000000e+00	0.0000000000e+00	0.0000000000e+00	nan	0.0000000000e+00	nan	0.0000000000e+00	0.0000000000e+00
4.0008734980e+08	0	0.0000000000e+00	0.0000000000e+00	0.0000000000e+00	nan	0.0000000000e+00	nan	0.0000000000e+00	0.0000000000e+00
4.0008744980e+08	0	0.0000000000e+00	0.0000000000e+00	0.0000000000e+00	nan	0.0000000000e+00	nan	0.0000000000e+00	0.0000000000e+00
4.0008754980e+08	0	0.0000000000e+00	0.0000000000e+00	0.0000000000e+00	nan	0.0000000000e+00	nan	0.0000000000e+00	0.0000000000e+00
4.0008764980e+08	0	0.0000000000e+00	0.0000000000e+00	0.0000000000e+00	nan	0.0000000000e+00	nan	0.0000000000e+00	0.0000000000e+00
4.0008774980e+08	0	0.0000000000e+00	0.0000000000e+00	0.0000000000e+00	nan	0.0000000000e+00	nan	0.0000000000e+00	0.0000000000e+00
4.0008784980e+08	0	0.0000000000e+00	0.0000000000e+00	0.0000000000e+00	nan	0.0000000000e+00	nan	0.0000000000e+00	0.0000000000e+00
4.0008794980e+08	0	0.0000000000e+00	0.0000000000e+00	0.0000000000e+00	nan	0.0000000000e+00	nan	0.0000000000e+00	0.0000000000e+00
4.0008804980e+08	0	0.0000000000e+00	0.0000000000e+00	0.0000000000e+00	nan	0.0000000000e+00	nan	0.0000000000e+00	0.0000000000e+00
4.0008814980e+08	0	0.0000000000e+00	0.0000000000e+00	0.0000000000e+00	nan	0.0000000000e+00	nan	0.0000000000e+00	0.0000000000e+00
4.0008824980e+08	7	1.3654287732e-01	5.1608356670e-02	5.1265947645e+01	7.0000000000e+00	1.3654287732e-01	5.1608356670e-02	8.0846587070e-13	3.0557137677e-13
4.0008834980e+08	12	1.2153900000e-01	3.5085287184e-02	9.8733739787e+01	1.2000000000e+01	1.2153900000e-01	3.5085287184e-02	7.1962840821e-13	2.0773882760e-13
4.0008844980e+08	8	8.1026000000e-02	2.8647017026e-02	9.8733739787e+01	8.0000000000e+00	8.1026000000e-02	2.8647017026e-02	4.7975227214e-13	1.6961804246e-13
4.0008854980e+08	12	1.2153900000e-01	3.5085287184e-02	9.8733739787e+01	1.2000000000e+01	1.2153900000e-01	3.5085287184e-02	7.1962840821e-13	2.0773882760e-13
4.0008864980e+08	11	1.1141075000e-01	3.3591605033e-02	9.8733739787e+01	1.1000000000e+01	1.1141075000e-01	3.3591605033e-02	6.5965937420e-13	1.9889478488e-13
4.0008874980e+08	13	1.3166725000e-01	3.6517924706e-02	9.8733739787e+01	1.3000000000e+01	1.3166725000e-01	3.6517924706e-02	7.7959744223e-13	2.1622142709e-13
4.0008884980e+08	11	1.1141075000e-01	3.3591605033e-02	9.8733739787e+01	1.1000000000e+01	1.1141075000e-01	3.3591605033e-02	6.5965937420e-13	1.9889478488e-13
4.0008894980e+08	6	6.0769500000e-02	2.4809044487e-02	9.8733739787e+01	6.0000000000e+00	6.0769500000e-02	2.4809044487e-02	3.5981420411e-13	1.4689353371e-13
4.0008904980e+08	9	9.1154250000e-02	3.0384750000e-02	9.8733739787e+01	9.0000000000e+00	9.1154250000e-02	3.0384750000e-02	5.3972130616e-13	1.7990710205e-13
4.0008914980e+08	14	1.4179550000e-01	3.7896441428e-02	9.8733739787e+01	1.4000000000e+01	1.4179550000e-01	3.7896441428e-02	8.3956647625e-13	2.2438357911e-13
4.0008924980e+08	12	1.2153900000e-01	3.5085287184e-02	9.8733739787e+01	1.2000000000e+01	1.2153900000e-01	3.5085287184e-02	7.1962840821e-13	2.0773882760e-13
4.0008934980e+08	9	9.1154250000e-02	3.0384750000e-02	9.8733739787e+01	9.0000000000e+00	9.1154250000e-02	3.0384750000e-02	5.3972130616e-13	1.7990710205e-13
4.0008944980e+08	14	1.4179550000e-01	3.7896441428e-02	9.8733739787e+01	1.3809523810e+01	1.3986630952e-01	3.7945514211e-02	8.3956647625e-13	2.2438357911e-13
4.0008954980e+08	11	1.1141075000e-01	3.3591605033e-02	9.8733739787e+01	1.1000000000e+01	1.1141075000e-01	3.3591605033e-02	6.5965937420e-13	1.9889478488e-13
4.0008964980e+08	6	6.0769500000e-02	2.4809044487e-02	9.8733739787e+01	6.0000000000e+00	6.0769500000e-02	2.4809044487e-02	3.5981420411e-13	1.4689353371e-13
4.0008974980e+08	13	1.3166725000e-01	3.6517924706e-02	9.8733739787e+01	1.3000000000e+01	1.3166725000e-01	3.6517924706e-02	7.7959744223e-13	2.1622142709e-13
4.0008984980e+08	13	1.3166725000e-01	3.6517924706e-02	9.8733739787e+01	1.2809523810e+01	1.2973805952e-01	3.6568847407e-02	7.7959744223e-13	2.1622142709e-13
4.0008994980e+08	11	1.1141075000e-01	3.3591605033e-02	9.8733739787e+01	1.0809523810e+01	1.0948155952e-01	3.3646956840e-02	6.5965937420e-13	1.9889478488e-13
4.0009004980e+08	14	1.4179550000e-01	3.7896441428e-02	9.8733739787e+01	1.4000000000e+01	1.4179550000e-01	3.7896441428e-02	8.3956647625e-13	2.2438357911e-13
4.0009014980e+08	9	9.1154250000e-02	3.0384750000e-02	9.8733739787e+01	8.8095238095e+00	8.9225059524e-02	3.0445932544e-02	5.3972130616e-13	1.7990710205e-13
4.0009024980e+08	7	7.0897750000e-02	2.6796830716e-02	9.8733739787e+01	7.0000000000e+00	7.0897750000e-02	2.6796830716e-02	4.1978323812e-13	1.5866315037e-13
4.0009034980e+08	10	1.0128250000e-01	3.2028338712e-02	9.8733739787e+01	1.0000000000e+01	1.0128250000e-01	3.2028338712e-02	5.9969034018e-13	1.8963873658e-13
4.0009044980e+08	7	7.0897750000e-02	2.6796830716e-02	9.8733739787e+01	7.0000000000e+00	7.0897750000e-02	2.6796830716e-02	4.1978323812e-13	1.5866315037e-13
4.0009054980e+08	10	1.0128250000e-01	3.2028338712e-02	9.8733739787e+01	1.0000000000e+01	1.0128250000e-01	3.2028338712e-02	5.9969034018e-13	1.8963873658e-13
4.0009064980e+08	6	6.0769500000e-02	2.4809044487e-02	9.8733739787e+01	5.6190476190e+00	5.6911119048e-02	2.4958610541e-02	3.5981420411e-13	1.4689353371e-13
4.0009074980e+08	14	1.4179550000e-01	3.7896441428e-02	9.8733739787e+01	1.4000000000e+01	1.4179550000e-01	3.7896441428e-02	8.3956647625e-13	2.2438357911e-13
4.0009084980e+08	3	3.0384750000e-02	1.7542643592e-02	9.8733739787e+01	3.0000000000e+00	3.0384750000e-02	1.7542643592e-02	1.7990710205e-13	1.0386941380e-13
4.0009094980e+08	11	1.1141075000e-01	3.3591605033e-02	9.8733739787e+01	1.1000000000e+01	1.1141075000e-01	3.3591605033e-02	6.5965937420e-13	1.9889478488e-13
4.0009104980e+08	11	1.1141075000e-01	3.3591605033e-02	9.8733739787e+01	1.1000000000e+01	1.1141075000e-01	3.3591605033e-02	6.5965937420e-13	1.9889478488e-13
4.0009114980e+08	11	1.1141075000e-01	3.3591605033e-02	9.8733739787e+01	1.1000000000e+01	1.1141075000e-01	3.3591605033e-02	6.5965937420e-13	1.9889478488e-13
4.0009124980e+08	7	7.0897750000e-02	2.6796830716e-02	9.8733739787e+01	7.0000000000e+00	7.0897750000e-02	2.6796830716e-02	4.1978323812e-13	1.5866315037e-13
4.0009134980e+08	8	8.1026000000e-02	2.8647017026e-02	9.8733739787e+01	8.0000000000e+00	8.1026000000e-02	2.8647017026e-02	4.7975227214e-13	1.6961804246e-13
4.0009144980e+08	11	1.1141075000e-01	3.3591605033e-02	9.8733739787e+01	1.1000000000e+01	1.1141075000e-01	3.3591605033e-02	6.5965937420e-13	1.9889478488e-13
4.0009154980e+08	8	8.1026000000e-02	2.8647017026e-02	9.8733739787e+01	8.0000000000e+00	8.1026000000e-02	2.8647017026e-02	4.7975227214e-13	1.6961804246e-13
4.0009164980e+08	17	1.7218025000e-01	4.1759844553e-02	9.8733739787e+01	1.7000000000e+01	1.7218025000e-01	4.1759844553e-02	1.0194735783e-12	2.4725866152e-13
4.0009174980e+08	9	9.1154250000e-02	3.0384750000e-02	9.8733739787e+01	9.0000000000e+00	9.1154250000e-02	3.0384750000e-02	5.3972130616e-13	1.7990710205e-13
4.0009184980e+08	7	7.0897750000e-02	2.6796830716e-02	9.8733739787e+01	7.0000000000e+00	7.0897750000e-02	2.6796830716e-02	4.1978323812e-13	1.5866315037e-13
4.0009194980e+08	4	4.0513000000e-02	2.0256500000e-02	9.8733739787e+01	4.0000000000e+00	4.0513000000e-02	2.0256500000e-02	2.3987613607e-13	1.1993806804e-13
4.0009204980e+08	5	5.0641250000e-02	2.2647455493e-02	9.8733739787e+01	5.0000000000e+00	5.0641250000e-02	2.2647455493e-02	2.9984517009e-13	1.3409483661e-13
4.0009214980e+08	3	3.0384750000e-02	1.7542643592e-02	9.8733739787e+01	3.0000000000e+00	3.0384750000e-02	1.7542643592e-02	1.7990710205e-13	1.0386941380e-13
4.0009224980e+08	11	1.1141075000e-01	3.3591605033e-02	9.8733739787e+01	1.1000000000e+01	1.1141075000e-01	3.3591605033e-02	6.5965937420e-13	1.9889478488e-13
4.0009234980e+08	3	3.0384750000e-02	1.7542643592e-02	9.8733739787e+01	3.0000000000e+00	3.0384750000e-02	1.7542643592e-02	1.7990710205e-13	1.0386941380e-13
4.0009244980e+08	4	4.0513000000e-02	2.0256500000e-02	9.8733739787e+01	4.0000000000e+00	4.0513000000e-02	2.0256500000e-02	2.3987613607e-13	1.1993806804e-13
4.0009254980e+08	5	5.0641250000e-02	2.2647455493e-02	9.8733739787e+01	5.0000000000e+00	5.0641250000e-02	2.2647455493e-02	2.9984517009e-13	1.3409483661e-13
4.0009264980e+08	9	9.1154250000e-02	3.0384750000e-02	9.8733739787e+01	9.0000000000e+00	9.1154250000e-02	3.0384750000e-02	5.3972130616e-13	1.7990710205e-13
4.0009274980e+08	10	1.0128250000e-01	3.2028338712e-02	9.8733739787e+01	1.0000000000e+01	1.0128250000e-01	3.2028338712e-02	5.9969034018e-13	1.8963873658e-13
4.0009284980e+08	6	6.0769500000e-02	2.4809044487e-02	9.8733739787e+01	5.8095238095e+00	5.8840309524e-02	2.4883939886e-02	3.5981420411e-13	1.4689353371e-13
4.0009294980e+08	10	1.0128250000e-01	3.2028338712e-02	9.8733739787e+01	9.6190476190e+00	9.7424119048e-02	3.2144331264e-02	5.9969034018e-13	1.8963873658e-13
4.0009304980e+08	10	1.0128250000e-01	3.2028338712e-02	9.8733739787e+01	9.8095238095e+00	9.9353309524e-02	3.2086387402e-02	5.9969034018e-13	1.8963873658e-13
4.0009314980e+08	9	9.1154250000e-02	3.0384750000e-02	9.8733739787e+01	9.0000000000e+00	9.1154250000e-02	3.0384750000e-02	5.3972130616e-13	1.7990710205e-13
4.0009324980e+08	7	7.0897750000e-02	2.6796830716e-02	9.8733739787e+01	7.0000000000e+00	7.0897750000e-02	2.6796830716e-02	4.1978323812e-13	1.5866315037e-13
4.0009334980e+08	8	8.1026000000e-02	2.8647017026e-02	9.8733739787e+01	8.0000000000e+00	8.1026000000e-02	2.8647017026e-02	4.7975227214e-13	1.6961804246e-13
4.0009344980e+08	9	9.1154250000e-02	3.0384750000e-02	9.8733739787e+01	9.0000000000e+00	9.1154250000e-02	3.0384750000e-02	5.3972130616e-13	1.7990710205e-13
4.0009354980e+08	13	1.3166725000e-01	3.6517924706e-02	9.8733739787e+01	1.3000000000e+01	1.3166725000e-01	3.6517924706e-02	7.7959744223e-13	2.1622142709e-13
4.0009364980e+08	10	1.0128250000e-01	3.2028338712e-02	9.8733739787e+01	1.0000000000e+01	1.0128250000e-01	3.2028338712e-02	5.9969034018e-13	1.8963873658e-13
4.0009374980e+08	10	1.0128250000e-01	3.2028338712e-02	9.8733739787e+01	9.8095238095e+00	9.9353309524e-02	3.2086387402e-02	5.9969034018e-13	1.8963873658e-13
4.0009384980e+08	15	1.5192375000e-01	3.9226543576e-02	9.8733739787e+01	1.5000000000e+01	1.5192375000e-01	3.9226543576e-02	8.9953551027e-13	2.3225907004e-13
4.0009394980e+08	10	1.0128250000e-01	3.2028338712e-02	9.8733739787e+01	1.0000000000e+01	1.0128250000e-01	3.2028338712e-02	5.9969034018e-13	1.8963873658e-13
4.0009404980e+08	10	1.0128250000e-01	3.2028338712e-02	9.8733739787e+01	1.0000000000e+01	1.0128250000e-01	3.2028338712e-02	5.9969034018e-13	1.8963873658e-13
4.0009414980e+08	10	1.0128250000e-01	3.2028338712e-02	9.8733739787e+01	1.0000000000e+01	1.0128250000e-01	3.2028338712e-02	5.9969034018e-13	1.8963873658e-13
4.0009424980e+08	5	5.0641250000e-02	2.2647455493e-02	9.8733739787e+01	5.0000000000e+00	5.0641250000e-02	2.2647455493e-02	2.9984517009e-13	1.3409483661e-13
4.0009434980e+08	10	1.0128250000e-01	3.2028338712e-02	9.8733739787e+01	1.0000000000e+01	1.0128250000e-01	3.2028338712e-02	5.9969034018e-13	1.8963873658e-13
4.0009444980e+08	9	9.1154250000e-02	3.0384750000e-02	9.8733739787e+01	9.0000000000e+00	9.1154250000e-02	3.0384750000e-02	5.3972130616e-13	1.7990710205e-13
4.0009454980e+08	8	8.1026000000e-02	2.8647017026e-02	9.8733739787e+01	8.0000000000e+00	8.1026000000e-02	2.8647017026e-02	4.7975227214e-13	1.6961804246e-13
4.0009464980e+08	10	1.0128250000e-01	3.2028338712e-02	9.8733739787e+01	1.0000000000e+01	1.0128250000e-01	3.2028338712e-02	5.9969034018e-13	1.8963873658e-13
4.0009474980e+08	11	1.1141075000e-01	3.3591605033e-02	9.8733739787e+01	1.1000000000e+01	1.1141075000e-01	3.3591605033e-02	6.5965937420e-13	1.9889478488e-13
4.0009484980e+08	9	9.1154250000e-02	3.0384750000e-02	9.8733739787e+01	9.0000000000e+00	9.1154250000e-02	3.0384750000e-02	5.3972130616e-13	1.7990710205e-13
4.0009494980e+08	13	1.3166725000e-01	3.6517924706e-02	9.8733739787e+01	1.3000000000e+01	1.3166725000e-01	3.6517924706e-02	7.7959744223e-13	2.1622142709e-13
4.0009504980e+08	11	1.1141075000e-01	3.3591605033e-02	9.8733739787e+01	1.1000000000e+01	1.1141075000e-01	3.3591605033e-02	6.5965937420e-13	1.9889478488e-13
4.0009514980e+08	7	7.0897750000e-02	2.6796830716e-02	9.8733739787e+01	6.8095238095e+00	6.8968559524e-02	2.6866185295e-02	4.1978323812e-13	1.5866315037e-13
4.0009524980e+08	7	7.0897750000e-02	2.6796830716e-02	9.8733739787e+01	6.8095238095e+00	6.8968559524e-02	2.6866185295e-02	4.1978323812e-13	1.5866315037e-13
4.0009534980e+08	5	5.0641250000e-02	2.2647455493e-02	9.8733739787e+01	5.0000000000e+00	5.0641250000e-02	2.2647455493e-02	2.9984517009e-13	1.3409483661e-13
4.0009544980e+08	7	7.0897750000e-02	2.6796830716e-02	9.8733739787e+01	7.0000000000e+00	7.0897750000e-02	2.6796830716e-02	4.1978323812e-13	1.5866315037e-13
4.0009554980e+08	10	1.0128250000e-01	3.2028338712e-02	9.8733739787e+01	1.0000000000e+01	1.0128250000e-01	3.2028338712e-02	5.9969034018e-13	1.8963873658e-13
4.0009564980e+08	10	1.0128250000e-01	3.2028338712e-02	9.8733739787e+01	1.0000000000e+01	1.0128250000e-01	3.2028338712e-02	5.9969034018e-13	1.8963873658e-13
4.0009574980e+08	13	1.3166725000e-01	3.6517924706e-02	9.8733739787e+01	1.3000000000e+01	1.3166725000e-01	3.6517924706e-02	7.7959744223e-13	2.1622142709e-13
4.0009584980e+08	9	9.1154250000e-02	3.0384750000e-02	9.8733739787e+01	9.0000000000e+00	9.1154250000e-02	3.0384750000e-02	5.3972130616e-13	1.7990710205e-13
4.0009594980e+08	8	8.1026000000e-02	2.8647017026e-02	9.8733739787e+01	8.0000000000e+00	8.1026000000e-02	2.8647017026e-02	4.7975227214e-13	1.6961804246e-13
4.0009604980e+08	12	1.2153900000e-01	3.5085287184e-02	9.8733739787e+01	1.2000000000e+01	1.2153900000e-01	3.5085287184e-02	7.1962840821e-13	2.0773882760e-13
4.0009614980e+08	10	1.0128250000e-01	3.2028338712e-02	9.8733739787e+01	1.0000000000e+01	1.0128250000e-01	3.2028338712e-02	5.9969034018e-13	1.8963873658e-13
4.0009624980e+08	17	1.7218025000e-01	4.1759844553e-02	9.8733739787e+01	1.7000000000e+01	1.7218025000e-01	4.1759844553e-02	1.0194735783e-12	2.4725866152e-13
4.0009634980e+08	14	1.4179550000e-01	3.7896441428e-02	9.8733739787e+01	1.4000000000e+01	1.4179550000e-01	3.7896441428e-02	8.3956647625e-13	2.2438357911e-13
4.0009644980e+08	10	1.0128250000e-01	3.2028338712e-02	9.8733739787e+01	9.6190476190e+00	9.7424119048e-02	3.2144331264e-02	5.9969034018e-13	1.8963873658e-13
4.0009654980e+08	8	8.1026000000e-02	2.8647017026e-02	9.8733739787e+01	7.8095238095e+00	7.9096809524e-02	2.8711902765e-02	4.7975227214e-13	1.6961804246e-13
4.0009664980e+08	16	1.6205200000e-01	4.0513000000e-02	9.8733739787e+01	1.6000000000e+01	1.6205200000e-01	4.0513000000e-02	9.5950454428e-13	2.3987613607e-13
4.0009674980e+08	11	1.1141075000e-01	3.3591605033e-02	9.8733739787e+01	1.1000000000e+01	1.1141075000e-01	3.3591605033e-02	6.5965937420e-13	1.9889478488e-13
4.0009684980e+08	9	9.1154250000e-02	3.0384750000e-02	9.8733739787e+01	9.0000000000e+00	9.1154250000e-02	3.0384750000e-02	5.3972130616e-13	1.7990710205e-13
4.0009694980e+08	8	8.1026000000e-02	2.8647017026e-02	9.8733739787e+01	8.0000000000e+00	8.1026000000e-02	2.8647017026e-02	4.7975227214e-13	1.6961804246e-13
4.0009704980e+08	4	4.0513000000e-02	2.0256500000e-02	9.8733739787e+01	3.8095238095e+00	3.8583809524e-02	2.0348158839e-02	2.3987613607e-13	1.1993806804e-13
4.0009714980e+08	12	1.2153900000e-01	3.5085287184e-02	9.8733739787e+01	1.1809523810e+01	1.1960980952e-01	3.5138286137e-02	7.1962840821e-13	2.0773882760e-13
4.0009724980e+08	9	9.1154250000e-02	3.0384750000e-02	9.8733739787e+01	9.0000000000e+00	9.1154250000e-02	3.0384750000e-02	5.3972130616e-13	1.7990710205e-13
4.0009734980e+08	10	1.0128250000e-01	3.2028338712e-02	9.8733739787e+01	1.0000000000e+01	1.0128250000e-01	3.2028338712e-02	5.9969034018e-13	1.8963873658e-13
4.0009744980e+08	15	1.5192375000e-01	3.9226543576e-02	9.8733739787e+01	1.5000000000e+01	1.5192375000e-01	3.9226543576e-02	8.9953551027e-13	2.3225907004e-13
4.0009754980e+08	10	1.0128250000e-01	3.2028338712e-02	9.8733739787e+01	1.0000000000e+01	1.0128250000e-01	3.2028338712e-02	5.9969034018e-13	1.8963873658e-13
4.0009764980e+08	8	8.1026000000e-02	2.8647017026e-02	9.8733739787e+01	7.8095238095e+00	7.9096809524e-02	2.8711902765e-02	4.7975227214e-13	1.6961804246e-13
4.0009774980e+08	8	8.1026000000e-02	2.8647017026e-02	9.8733739787e+01	7.8095238095e+00	7.9096809524e-02	2.8711902765e-02	4.7975227214e-13	1.6961804246e-13
4.0009784980e+08	6	6.0769500000e-02	2.4809044487e-02	9.8733739787e+01	5.8095238095e+00	5.8840309524e-02	2.4883939886e-02	3.5981420411e-13	1.4689353371e-13
4.0009794980e+08	10	1.0128250000e-01	3.2028338712e-02	9.8733739787e+01	1.0000000000e+01	1.0128250000e-01	3.2028338712e-02	5.9969034018e-13	1.8963873658e-13
4.0009804980e+08	10	1.0128250000e-01	3.2028338712e-02	9.8733739787e+01	9.8095238095e+00	9.9353309524e-02	3.2086387402e-02	5.9969034018e-13	1.8963873658e-13
4.0009814980e+08	5	5.0641250000e-02	2.2647455493e-02	9.8733739787e+01	5.0000000000e+00	5.0641250000e-02	2.2647455493e-02	2.9984517009e-13	1.3409483661e-13
4.0009824980e+08	12	1.2153900000e-01	3.5085287184e-02	9.8733739787e+01	1.2000000000e+01	1.2153900000e-01	3.5085287184e-02	7.1962840821e-13	2.0773882760e-13
4.0009834980e+08	7	7.0897750000e-02	2.6796830716e-02	9.8733739787e+01	6.8095238095e+00	6.8968559524e-02	2.6866185295e-02	4.1978323812e-13	1.5866315037e-13
4.0009844980e+08	6	6.0769500000e-02	2.4809044487e-02	9.8733739787e+01	6.0000000000e+00	6.0769500000e-02	2.4809044487e-02	3.5981420411e-13	1.4689353371e-13
4.0009854980e+08	11	1.1141075000e-01	3.3591605033e-02	9.8733739787e+01	1.1000000000e+01	1.1141075000e-01	3.3591605033e-02	6.5965937420e-13	1.9889478488e-13
4.0009864980e+08	6	6.0769500000e-02	2.4809044487e-02	9.8733739787e+01	5.8095238095e+00	5.8840309524e-02	2.4883939886e-02	3.5981420411e-13	1.4689353371e-13
4.0009874980e+08	7	7.0897750000e-02	2.6796830716e-02	9.8733739787e+01	7.0000000000e+00	7.0897750000e-02	2.6796830716e-02	4.1978323812e-13	1.5866315037e-13
4.0009884980e+08	8	8.1026000000e-02	2.8647017026e-02	9.8733739787e+01	8.0000000000e+00	8.1026000000e-02	2.8647017026e-02	4.7975227214e-13	1.6961804246e-13
4.0009894980e+08	4	4.0513000000e-02	2.0256500000e-02	9.8733739787e+01	4.0000000000e+00	4.0513000000e-02	2.0256500000e-02	2.3987613607e-13	1.1993806804e-13
4.0009904980e+08	5	5.0641250000e-02	2.2647455493e-02	9.8733739787e+01	5.0000000000e+00	5.0641250000e-02	2.2647455493e-02	2.9984517009e-13	1.3409483661e-13
4.0009914980e+08	6	6.0769500000e-02	2.4809044487e-02	9.8733739787e+01	6.0000000000e+00	6.0769500000e-02	2.4809044487e-02	3.5981420411e-13	1.4689353371e-13
4.0009924980e+08	12	1.2153900000e-01	3.5085287184e-02	9.8733739787e+01	1.2000000000e+01	1.2153900000e-01	3.5085287184e-02	7.1962840821e-13	2.0773882760e-13
4.0009934980e+08	6	6.0769500000e-02	2.4809044487e-02	9.8733739787e+01	6.0000000000e+00	6.0769500000e-02	2.4809044487e-02	3.5981420411e-13	1.4689353371e-13
4.0009944980e+08	8	8.1026000000e-02	2.8647017026e-02	9.8733739787e+01	7.8095238095e+00	7.9096809524e-02	2.8711902765e-02	4.7975227214e-13	1.6961804246e-13
4.0009954980e+08	9	9.1154250000e-02	3.0384750000e-02	9.8733739787e+01	9.0000000000e+00	9.1154250000e-02	3.0384750000e-02	5.3972130616e-13	1.7990710205e-13
4.0009964980e+08	5	5.0641250000e-02	2.2647455493e-02	9.8733739787e+01	5.0000000000e+00	5.0641250000e-02	2.2647455493e-02	2.9984517009e-13	1.3409483661e-13
4.0009974980e+08	8	8.1026000000e-02	2.8647017026e-02	9.8733739787e+01	8.0000000000e+00	8.1026000000e-02	2.8647017026e-02	4.7975227214e-13	1.6961804246e-13
4.0009984980e+08	5	5.0641250000e-02	2.2647455493e-02	9.8733739787e+01	5.0000000000e+00	5.0641250000e-02	2.2647455493e-02	2.9984517009e-13	1.3409483661e-13
4.0009994980e+08	13	1.3166725000e-01	3.6517924706e-02	9.8733739787e+01	1.2809523810e+01	1.2973805952e-01	3.6568847407e-02	7.7959744223e-13	2.1622142709e-13
4.0010004980e+08	7	7.0897750000e-02	2.6796830716e-02	9.8733739787e+01	7.0000000000e+00	7.0897750000e-02	2.6796830716e-02	4.1978323812e-13	1.5866315037e-13
4.0010014980e+08	9	9.1154250000e-02	3.0384750000e-02	9.8733739787e+01	8.8095238095e+00	8.9225059524e-02	3.0445932544e-02	5.3972130616e-13	1.7990710205e-13
4.0010024980e+08	7	7.0897750000e-02	2.6796830716e-02	9.8733739787e+01	7.0000000000e+00	7.0897750000e-02	2.6796830716e-02	4.1978323812e-13	1.5866315037e-13
4.0010034980e+08	12	1.2153900000e-01	3.5085287184e-02	9.8733739787e+01	1.2000000000e+01	1.2153900000e-01	3.5085287184e-02	7.1962840821e-13	2.0773882760e-13
4.0010044980e+08	11	1.1141075000e-01	3.3591605033e-02	9.8733739787e+01	1.1000000000e+01	1.1141075000e-01	3.3591605033e-02	6.5965937420e-13	1.9889478488e-13
4.0010054980e+08	8	8.1026000000e-02	2.8647017026e-02	9.8733739787e+01	8.0000000000e+00	8.1026000000e-02	2.8647017026e-02	4.7975227214e-13	1.6961804246e-13
4.0010064980e+08	4	4.0513000000e-02	2.0256500000e-02	9.8733739787e+01	4.0000000000e+00	4.0513000000e-02	2.0256500000e-02	2.3987613607e-13	1.1993806804e-13
4.0010074980e+08	8	8.1026000000e-02	2.8647017026e-02	9.8733739787e+01	8.0000000000e+00	8.1026000000e-02	2.8647017026e-02	4.7975227214e-13	1.6961804246e-13
4.0010084980e+08	9	9.1154250000e-02	3.0384750000e-02	9.8733739787e+01	9.0000000000e+00	9.1154250000e-02	3.0384750000e-02	5.3972130616e-13	1.7990710205e-13
4.0010094980e+08	7	7.0897750000e-02	2.6796830716e-02	9.8733739787e+01	7.0000000000e+00	7.0897750000e-02	2.6796830716e-02	4.1978323812e-13	1.5866315037e-13
4.0010104980e+08	7	7.0897750000e-02	2.6796830716e-02	9.8733739787e+01	7.0000000000e+00	7.0897750000e-02	2.6796830716e-02	4.1978323812e-13	1.5866315037e-13
4.0010114980e+08	8	8.1026000000e-02	2.8647017026e-02	9.8733739787e+01	8.0000000000e+00	8.1026000000e-02	2.8647017026e-02	4.7975227214e-13	1.6961804246e-13
4.0010124980e+08	6	6.0769500000e-02	2.4809044487e-02	9.8733739787e+01	6.0000000000e+00	6.0769500000e-02	2.4809044487e-02	3.5981420411e-13	1.4689353371e-13
4.0010134980e+08	4	4.0513000000e-02	2.0256500000e-02	9.8733739787e+01	3.8095238095e+00	3.8583809524e-02	2.0348158839e-02	2.3987613607e-13	1.1993806804e-13
4.0010144980e+08	8	8.1026000000e-02	2.8647017026e-02	9.8733739787e+01	8.0000000000e+00	8.1026000000e-02	2.8647017026e-02	4.7975227214e-13	1.6961804246e-13
4.0010154980e+08	4	4.0513000000e-02	2.0256500000e-02	9.8733739787e+01	4.0000000000e+00	4.0513000000e-02	2.0256500000e-02	2.3987613607e-13	1.1993806804e-13
4.0010164980e+08	7	7.0897750000e-02	2.6796830716e-02	9.8733739787e+01	6.8095238095e+00	6.8968559524e-02	2.6866185295e-02	4.1978323812e-13	1.5866315037e-13
4.0010174980e+08	10	1.0128250000e-01	3.2028338712e-02	9.8733739787e+01	1.0000000000e+01	1.0128250000e-01	3.2028338712e-02	5.9969034018e-13	1.8963873658e-13
4.0010184980e+08	5	5.0641250000e-02	2.2647455493e-02	9.8733739787e+01	5.0000000000e+00	5.0641250000e-02	2.2647455493e-02	2.9984517009e-13	1.3409483661e-13
4.0010194980e+08	2	2.0256500000e-02	1.4323508513e-02	9.8733739787e+01	2.0000000000e+00	2.0256500000e-02	1.4323508513e-02	1.1993806804e-13	8.4809021230e-14
4.0010204980e+08	8	8.1026000000e-02	2.8647017026e-02	9.8733739787e+01	8.0000000000e+00	8.1026000000e-02	2.8647017026e-02	4.7975227214e-13	1.6961804246e-13
4.0010214980e+08	6	6.0769500000e-02	2.4809044487e-02	9.8733739787e+01	6.0000000000e+00	6.0769500000e-02	2.4809044487e-02	3.5981420411e-13	1.4689353371e-13
4.0010224980e+08	6	6.0769500000e-02	2.4809044487e-02	9.8733739787e+01	6.0000000000e+00	6.0769500000e-02	2.4809044487e-02	3.5981420411e-13	1.4689353371e-13
4.0010234980e+08	10	1.0128250000e-01	3.2028338712e-02	9.8733739787e+01	9.8095238095e+00	9.9353309524e-02	3.2086387402e-02	5.9969034018e-13	1.8963873658e-13
4.0010244980e+08	7	7.0897750000e-02	2.6796830716e-02	9.8733739787e+01	7.0000000000e+00	7.0897750000e-02	2.6796830716e-02	4.1978323812e-13	1.5866315037e-13
4.0010254980e+08	9	9.1154250000e-02	3.0384750000e-02	9.8733739787e+01	9.0000000000e+00	9.1154250000e-02	3.0384750000e-02	5.3972130616e-13	1.7990710205e-13
4.0010264980e+08	3	3.0384750000e-02	1.7542643592e-02	9.8733739787e+01	3.0000000000e+00	3.0384750000e-02	1.7542643592e-02	1.7990710205e-13	1.0386941380e-13
4.0010274980e+08	8	8.1026000000e-02	2.8647017026e-02	9.8733739787e+01	7.8095238095e+00	7.9096809524e-02	2.8711902765e-02	4.7975227214e-13	1.6961804246e-13
4.0010284980e+08	10	1.0128250000e-01	3.2028338712e-02	9.8733739787e+01	1.0000000000e+01	1.0128250000e-01	3.2028338712e-02	5.9969034018e-13	1.8963873658e-13
4.0010294980e+08	6	6.0769500000e-02	2.4809044487e-02	9.8733739787e+01	6.0000000000e+00	6.0769500000e-02	2.4809044487e-02	3.5981420411e-13	1.4689353371e-13
4.0010304980e+08	12	1.2153900000e-01	3.5085287184e-02	9.8733739787e+01	1.2000000000e+01	1.2153900000e-01	3.5085287184e-02	7.1962840821e-13	2.0773882760e-13
4.0010314980e+08	10	1.0128250000e-01	3.2028338712e-02	9.8733739787e+01	1.0000000000e+01	1.0128250000e-01	3.2028338712e-02	5.9969034018e-13	1.8963873658e-13
4.0010324980e+08	9	9.1717594110e-02	3.0572531370e-02	9.8127301390e+01	9.0000000000e+00	9.1717594110e-02	3.0572531370e-02	5.4305684804e-13	1.8101894935e-13
4.0010334980e+08	0	0.0000000000e+00	0.0000000000e+00	0.0000000000e+00	nan	0.0000000000e+00	nan	0.0000000000e+00	0.0000000000e+00
4.0010344980e+08	0	0.0000000000e+00	0.0000000000e+00	0.0000000000e+00	nan	0.0000000000e+00	nan	0.0000000000e+00	0.0000000000e+00
4.0010354980e+08	0	0.0000000000e+00	0.0000000000e+00	0.0000000000e+00	nan	0.0000000000e+00	nan	0.0000000000e+00	0.0000000000e+00
4.0010364980e+08	0	0.0000000000e+00	0.0000000000e+00	0.0000000000e+00	nan	0.0000000000e+00	nan	0.0000000000e+00	0.0000000000e+00
4.0010374980e+08	0	0.0000000000e+00	0.0000000000e+00	0.0000000000e+00	nan	0.0000000000e+00	nan	0.0000000000e+00	0.0000000000e+00
4.0010384980e+08	0	0.0000000000e+00	0.0000000000e+00	0.0000000000e+00	nan	0.0000000000e+00	nan	0.0000000000e+00	0.0000000000e+00
4.0010394980e+08	0	0.0000000000e+00	0.0000000000e+00	0.0000000000e+00	nan	0.0000000000e+00	nan	0.0000000000e+00	0.0000000000e+00
4.0010404980e+08	0	0.0000000000e+00	0.0000000000e+00	0.0000000000e+00	nan	0.0000000000e+00	nan	0.0000000000e+00	0.0000000000e+00
4.0010414980e+08	0	0.0000000000e+00	0.0000000000e+00	0.0000000000e+00	nan	0.0000000000e+00	nan	0.0000000000e+00	0.0000000000e+00
