# Light curve with FLUX columns added
# Conversion factor: 5.920967e-12 (erg/cm²/s)/(count/s)
# Source file: 7082_100s_soft.txt
#
# TIME	COUNTS	COUNT_RATE	COUNT_RATE_ERR	EXPOSURE	NET_COUNTS	NET_RATE	ERR_RATE	FLUX	FLUX_ERR
2.7885687954e+08	0	0.0000000000e+00	0.0000000000e+00	0.0000000000e+00	nan	0.0000000000e+00	nan	0.0000000000e+00	0.0000000000e+00
2.7885697954e+08	0	0.0000000000e+00	0.0000000000e+00	0.0000000000e+00	nan	0.0000000000e+00	nan	0.0000000000e+00	0.0000000000e+00
2.7885707954e+08	0	0.0000000000e+00	0.0000000000e+00	0.0000000000e+00	nan	0.0000000000e+00	nan	0.0000000000e+00	0.0000000000e+00
2.7885717954e+08	0	0.0000000000e+00	0.0000000000e+00	0.0000000000e+00	nan	0.0000000000e+00	nan	0.0000000000e+00	0.0000000000e+00
2.7885727954e+08	0	0.0000000000e+00	0.0000000000e+00	0.0000000000e+00	nan	0.0000000000e+00	nan	0.0000000000e+00	0.0000000000e+00
2.7885737954e+08	0	0.0000000000e+00	0.0000000000e+00	0.0000000000e+00	nan	0.0000000000e+00	nan	0.0000000000e+00	0.0000000000e+00
2.7885747954e+08	0	0.0000000000e+00	0.0000000000e+00	0.0000000000e+00	nan	0.0000000000e+00	nan	0.0000000000e+00	0.0000000000e+00
2.7885757954e+08	0	0.0000000000e+00	0.0000000000e+00	0.0000000000e+00	nan	0.0000000000e+00	nan	0.0000000000e+00	0.0000000000e+00
2.7885767954e+08	0	0.0000000000e+00	0.0000000000e+00	0.0000000000e+00	nan	0.0000000000e+00	nan	0.0000000000e+00	0.0000000000e+00
2.7885777954e+08	0	0.0000000000e+00	0.0000000000e+00	3.6765663813e+00	0.0000000000e+00	0.0000000000e+00	0.0000000000e+00	0.0000000000e+00	0.0000000000e+00
2.7885787954e+08	2	2.0256500000e-02	1.4323508513e-02	9.8733739787e+01	2.0000000000e+00	2.0256500000e-02	1.4323508513e-02	1.1993806804e-13	8.4809021230e-14
2.7885797954e+08	3	3.0384750000e-02	1.7542643592e-02	9.8733739787e+01	3.0000000000e+00	3.0384750000e-02	1.7542643592e-02	1.7990710205e-13	1.0386941380e-13
2.7885807954e+08	2	2.0256500000e-02	1.4323508513e-02	9.8733739787e+01	2.0000000000e+00	2.0256500000e-02	1.4323508513e-02	1.1993806804e-13	8.4809021230e-14
2.7885817954e+08	2	2.0256500000e-02	1.4323508513e-02	9.8733739787e+01	2.0000000000e+00	2.0256500000e-02	1.4323508513e-02	1.1993806804e-13	8.4809021230e-14
2.7885827954e+08	2	2.0256500000e-02	1.4323508513e-02	9.8733739787e+01	2.0000000000e+00	2.0256500000e-02	1.4323508513e-02	1.1993806804e-13	8.4809021230e-14
2.7885837954e+08	0	0.0000000000e+00	0.0000000000e+00	9.8733739787e+01	0.0000000000e+00	0.0000000000e+00	0.0000000000e+00	0.0000000000e+00	0.0000000000e+00
2.7885847954e+08	1	1.0128250000e-02	1.0128250000e-02	9.8733739787e+01	8.0952380952e-01	8.1990595238e-03	1.0310345482e-02	5.9969034018e-14	5.9969034018e-14
2.7885857954e+08	1	1.0128250000e-02	1.0128250000e-02	9.8733739787e+01	1.0000000000e+00	1.0128250000e-02	1.0128250000e-02	5.9969034018e-14	5.9969034018e-14
2.7885867954e+08	1	1.0128250000e-02	1.0128250000e-02	9.8733739787e+01	1.0000000000e+00	1.0128250000e-02	1.0128250000e-02	5.9969034018e-14	5.9969034018e-14
2.7885877954e+08	0	0.0000000000e+00	0.0000000000e+00	9.8733739787e+01	-1.9047619048e-01	-1.9291904762e-03	1.9291904762e-03	0.0000000000e+00	0.0000000000e+00
2.7885887954e+08	0	0.0000000000e+00	0.0000000000e+00	9.8733739787e+01	0.0000000000e+00	0.0000000000e+00	0.0000000000e+00	0.0000000000e+00	0.0000000000e+00
2.7885897954e+08	2	2.0256500000e-02	1.4323508513e-02	9.8733739787e+01	2.0000000000e+00	2.0256500000e-02	1.4323508513e-02	1.1993806804e-13	8.4809021230e-14
2.7885907954e+08	1	1.0128250000e-02	1.0128250000e-02	9.8733739787e+01	1.0000000000e+00	1.0128250000e-02	1.0128250000e-02	5.9969034018e-14	5.9969034018e-14
2.7885917954e+08	1	1.0128250000e-02	1.0128250000e-02	9.8733739787e+01	1.0000000000e+00	1.0128250000e-02	1.0128250000e-02	5.9969034018e-14	5.9969034018e-14
2.7885927954e+08	3	3.0384750000e-02	1.7542643592e-02	9.8733739787e+01	3.0000000000e+00	3.0384750000e-02	1.7542643592e-02	1.7990710205e-13	1.0386941380e-13
2.7885937954e+08	2	2.0256500000e-02	1.4323508513e-02	9.8733739787e+01	2.0000000000e+00	2.0256500000e-02	1.4323508513e-02	1.1993806804e-13	8.4809021230e-14
2.7885947954e+08	4	4.0513000000e-02	2.0256500000e-02	9.8733739787e+01	4.0000000000e+00	4.0513000000e-02	2.0256500000e-02	2.3987613607e-13	1.1993806804e-13
2.7885957954e+08	2	2.0256500000e-02	1.4323508513e-02	9.8733739787e+01	2.0000000000e+00	2.0256500000e-02	1.4323508513e-02	1.1993806804e-13	8.4809021230e-14
2.7885967954e+08	2	2.0256500000e-02	1.4323508513e-02	9.8733739787e+01	2.0000000000e+00	2.0256500000e-02	1.4323508513e-02	1.1993806804e-13	8.4809021230e-14
2.7885977954e+08	0	0.0000000000e+00	0.0000000000e+00	9.8733739787e+01	0.0000000000e+00	0.0000000000e+00	0.0000000000e+00	0.0000000000e+00	0.0000000000e+00
2.7885987954e+08	0	0.0000000000e+00	0.0000000000e+00	9.8733739787e+01	-1.9047619048e-01	-1.9291904762e-03	1.9291904762e-03	0.0000000000e+00	0.0000000000e+00
2.7885997954e+08	0	0.0000000000e+00	0.0000000000e+00	9.8733739787e+01	-1.9047619048e-01	-1.9291904762e-03	1.9291904762e-03	0.0000000000e+00	0.0000000000e+00
2.7886007954e+08	4	4.0513000000e-02	2.0256500000e-02	9.8733739787e+01	4.0000000000e+00	4.0513000000e-02	2.0256500000e-02	2.3987613607e-13	1.1993806804e-13
2.7886017954e+08	0	0.0000000000e+00	0.0000000000e+00	9.8733739787e+01	0.0000000000e+00	0.0000000000e+00	0.0000000000e+00	0.0000000000e+00	0.0000000000e+00
2.7886027954e+08	0	0.0000000000e+00	0.0000000000e+00	9.8733739787e+01	0.0000000000e+00	0.0000000000e+00	0.0000000000e+00	0.0000000000e+00	0.0000000000e+00
2.7886037954e+08	2	2.0256500000e-02	1.4323508513e-02	9.8733739787e+01	2.0000000000e+00	2.0256500000e-02	1.4323508513e-02	1.1993806804e-13	8.4809021230e-14
2.7886047954e+08	0	0.0000000000e+00	0.0000000000e+00	9.8733739787e+01	0.0000000000e+00	0.0000000000e+00	0.0000000000e+00	0.0000000000e+00	0.0000000000e+00
2.7886057954e+08	1	1.0128250000e-02	1.0128250000e-02	9.8733739787e+01	1.0000000000e+00	1.0128250000e-02	1.0128250000e-02	5.9969034018e-14	5.9969034018e-14
2.7886067954e+08	0	0.0000000000e+00	0.0000000000e+00	9.8733739787e+01	0.0000000000e+00	0.0000000000e+00	0.0000000000e+00	0.0000000000e+00	0.0000000000e+00
2.7886077954e+08	3	3.0384750000e-02	1.7542643592e-02	9.8733739787e+01	3.0000000000e+00	3.0384750000e-02	1.7542643592e-02	1.7990710205e-13	1.0386941380e-13
2.7886087954e+08	2	2.0256500000e-02	1.4323508513e-02	9.8733739787e+01	2.0000000000e+00	2.0256500000e-02	1.4323508513e-02	1.1993806804e-13	8.4809021230e-14
2.7886097954e+08	0	0.0000000000e+00	0.0000000000e+00	9.8733739787e+01	0.0000000000e+00	0.0000000000e+00	0.0000000000e+00	0.0000000000e+00	0.0000000000e+00
2.7886107954e+08	2	2.0256500000e-02	1.4323508513e-02	9.8733739787e+01	2.0000000000e+00	2.0256500000e-02	1.4323508513e-02	1.1993806804e-13	8.4809021230e-14
2.7886117954e+08	2	2.0256500000e-02	1.4323508513e-02	9.8733739787e+01	2.0000000000e+00	2.0256500000e-02	1.4323508513e-02	1.1993806804e-13	8.4809021230e-14
2.7886127954e+08	1	1.0128250000e-02	1.0128250000e-02	9.8733739787e+01	1.0000000000e+00	1.0128250000e-02	1.0128250000e-02	5.9969034018e-14	5.9969034018e-14
2.7886137954e+08	4	4.0513000000e-02	2.0256500000e-02	9.8733739787e+01	4.0000000000e+00	4.0513000000e-02	2.0256500000e-02	2.3987613607e-13	1.1993806804e-13
2.7886147954e+08	0	0.0000000000e+00	0.0000000000e+00	9.8733739787e+01	0.0000000000e+00	0.0000000000e+00	0.0000000000e+00	0.0000000000e+00	0.0000000000e+00
2.7886157954e+08	2	2.0256500000e-02	1.4323508513e-02	9.8733739787e+01	2.0000000000e+00	2.0256500000e-02	1.4323508513e-02	1.1993806804e-13	8.4809021230e-14
2.7886167954e+08	3	3.0384750000e-02	1.7542643592e-02	9.8733739787e+01	3.0000000000e+00	3.0384750000e-02	1.7542643592e-02	1.7990710205e-13	1.0386941380e-13
2.7886177954e+08	1	1.0128250000e-02	1.0128250000e-02	9.8733739787e+01	1.0000000000e+00	1.0128250000e-02	1.0128250000e-02	5.9969034018e-14	5.9969034018e-14
2.7886187954e+08	4	4.0513000000e-02	2.0256500000e-02	9.8733739787e+01	4.0000000000e+00	4.0513000000e-02	2.0256500000e-02	2.3987613607e-13	1.1993806804e-13
2.7886197954e+08	1	1.0128250000e-02	1.0128250000e-02	9.8733739787e+01	1.0000000000e+00	1.0128250000e-02	1.0128250000e-02	5.9969034018e-14	5.9969034018e-14
2.7886207954e+08	0	0.0000000000e+00	0.0000000000e+00	9.8733739787e+01	0.0000000000e+00	0.0000000000e+00	0.0000000000e+00	0.0000000000e+00	0.0000000000e+00
2.7886217954e+08	0	0.0000000000e+00	0.0000000000e+00	9.8733739787e+01	0.0000000000e+00	0.0000000000e+00	0.0000000000e+00	0.0000000000e+00	0.0000000000e+00
2.7886227954e+08	2	2.0256500000e-02	1.4323508513e-02	9.8733739787e+01	2.0000000000e+00	2.0256500000e-02	1.4323508513e-02	1.1993806804e-13	8.4809021230e-14
2.7886237954e+08	3	3.0384750000e-02	1.7542643592e-02	9.8733739787e+01	3.0000000000e+00	3.0384750000e-02	1.7542643592e-02	1.7990710205e-13	1.0386941380e-13
2.7886247954e+08	0	0.0000000000e+00	0.0000000000e+00	9.8733739787e+01	0.0000000000e+00	0.0000000000e+00	0.0000000000e+00	0.0000000000e+00	0.0000000000e+00
2.7886257954e+08	1	1.0128250000e-02	1.0128250000e-02	9.8733739787e+01	1.0000000000e+00	1.0128250000e-02	1.0128250000e-02	5.9969034018e-14	5.9969034018e-14
2.7886267954e+08	4	4.0513000000e-02	2.0256500000e-02	9.8733739787e+01	4.0000000000e+00	4.0513000000e-02	2.0256500000e-02	2.3987613607e-13	1.1993806804e-13
2.7886277954e+08	1	1.0128250000e-02	1.0128250000e-02	9.8733739787e+01	1.0000000000e+00	1.0128250000e-02	1.0128250000e-02	5.9969034018e-14	5.9969034018e-14
2.7886287954e+08	4	4.0513000000e-02	2.0256500000e-02	9.8733739787e+01	4.0000000000e+00	4.0513000000e-02	2.0256500000e-02	2.3987613607e-13	1.1993806804e-13
2.7886297954e+08	0	0.0000000000e+00	0.0000000000e+00	9.8733739787e+01	0.0000000000e+00	0.0000000000e+00	0.0000000000e+00	0.0000000000e+00	0.0000000000e+00
2.7886307954e+08	0	0.0000000000e+00	0.0000000000e+00	9.8733739787e+01	0.0000000000e+00	0.0000000000e+00	0.0000000000e+00	0.0000000000e+00	0.0000000000e+00
2.7886317954e+08	2	2.0256500000e-02	1.4323508513e-02	9.8733739787e+01	2.0000000000e+00	2.0256500000e-02	1.4323508513e-02	1.1993806804e-13	8.4809021230e-14
2.7886327954e+08	0	0.0000000000e+00	0.0000000000e+00	9.8733739787e+01	0.0000000000e+00	0.0000000000e+00	0.0000000000e+00	0.0000000000e+00	0.0000000000e+00
2.7886337954e+08	1	1.0128250000e-02	1.0128250000e-02	9.8733739787e+01	1.0000000000e+00	1.0128250000e-02	1.0128250000e-02	5.9969034018e-14	5.9969034018e-14
2.7886347954e+08	2	2.0256500000e-02	1.4323508513e-02	9.8733739787e+01	2.0000000000e+00	2.0256500000e-02	1.4323508513e-02	1.1993806804e-13	8.4809021230e-14
2.7886357954e+08	1	1.0128250000e-02	1.0128250000e-02	9.8733739787e+01	1.0000000000e+00	1.0128250000e-02	1.0128250000e-02	5.9969034018e-14	5.9969034018e-14
2.7886367954e+08	1	1.0128250000e-02	1.0128250000e-02	9.8733739787e+01	8.0952380952e-01	8.1990595238e-03	1.0310345482e-02	5.9969034018e-14	5.9969034018e-14
2.7886377954e+08	5	5.0641250000e-02	2.2647455493e-02	9.8733739787e+01	4.8095238095e+00	4.8712059524e-02	2.2729474614e-02	2.9984517009e-13	1.3409483661e-13
2.7886387954e+08	2	2.0256500000e-02	1.4323508513e-02	9.8733739787e+01	2.0000000000e+00	2.0256500000e-02	1.4323508513e-02	1.1993806804e-13	8.4809021230e-14
2.7886397954e+08	1	1.0128250000e-02	1.0128250000e-02	9.8733739787e+01	1.0000000000e+00	1.0128250000e-02	1.0128250000e-02	5.9969034018e-14	5.9969034018e-14
2.7886407954e+08	1	1.0128250000e-02	1.0128250000e-02	9.8733739787e+01	1.0000000000e+00	1.0128250000e-02	1.0128250000e-02	5.9969034018e-14	5.9969034018e-14
2.7886417954e+08	3	3.0384750000e-02	1.7542643592e-02	9.8733739787e+01	3.0000000000e+00	3.0384750000e-02	1.7542643592e-02	1.7990710205e-13	1.0386941380e-13
2.7886427954e+08	3	3.0384750000e-02	1.7542643592e-02	9.8733739787e+01	3.0000000000e+00	3.0384750000e-02	1.7542643592e-02	1.7990710205e-13	1.0386941380e-13
2.7886437954e+08	1	1.0128250000e-02	1.0128250000e-02	9.8733739787e+01	1.0000000000e+00	1.0128250000e-02	1.0128250000e-02	5.9969034018e-14	5.9969034018e-14
2.7886447954e+08	2	2.0256500000e-02	1.4323508513e-02	9.8733739787e+01	2.0000000000e+00	2.0256500000e-02	1.4323508513e-02	1.1993806804e-13	8.4809021230e-14
2.7886457954e+08	1	1.0128250000e-02	1.0128250000e-02	9.8733739787e+01	1.0000000000e+00	1.0128250000e-02	1.0128250000e-02	5.9969034018e-14	5.9969034018e-14
2.7886467954e+08	0	0.0000000000e+00	0.0000000000e+00	9.8733739787e+01	0.0000000000e+00	0.0000000000e+00	0.0000000000e+00	0.0000000000e+00	0.0000000000e+00
2.7886477954e+08	1	1.0128250000e-02	1.0128250000e-02	9.8733739787e+01	1.0000000000e+00	1.0128250000e-02	1.0128250000e-02	5.9969034018e-14	5.9969034018e-14
2.7886487954e+08	2	2.0256500000e-02	1.4323508513e-02	9.8733739787e+01	1.8095238095e+00	1.8327309524e-02	1.4452843043e-02	1.1993806804e-13	8.4809021230e-14
2.7886497954e+08	1	1.0128250000e-02	1.0128250000e-02	9.8733739787e+01	1.0000000000e+00	1.0128250000e-02	1.0128250000e-02	5.9969034018e-14	5.9969034018e-14
2.7886507954e+08	1	1.0128250000e-02	1.0128250000e-02	9.8733739787e+01	8.0952380952e-01	8.1990595238e-03	1.0310345482e-02	5.9969034018e-14	5.9969034018e-14
2.7886517954e+08	1	1.0128250000e-02	1.0128250000e-02	9.8733739787e+01	1.0000000000e+00	1.0128250000e-02	1.0128250000e-02	5.9969034018e-14	5.9969034018e-14
2.7886527954e+08	2	2.0256500000e-02	1.4323508513e-02	9.8733739787e+01	2.0000000000e+00	2.0256500000e-02	1.4323508513e-02	1.1993806804e-13	8.4809021230e-14
2.7886537954e+08	1	1.0128250000e-02	1.0128250000e-02	9.8733739787e+01	1.0000000000e+00	1.0128250000e-02	1.0128250000e-02	5.9969034018e-14	5.9969034018e-14
2.7886547954e+08	2	2.0256500000e-02	1.4323508513e-02	9.8733739787e+01	2.0000000000e+00	2.0256500000e-02	1.4323508513e-02	1.1993806804e-13	8.4809021230e-14
2.7886557954e+08	3	3.0384750000e-02	1.7542643592e-02	9.8733739787e+01	3.0000000000e+00	3.0384750000e-02	1.7542643592e-02	1.7990710205e-13	1.0386941380e-13
2.7886567954e+08	2	2.0256500000e-02	1.4323508513e-02	9.8733739787e+01	2.0000000000e+00	2.0256500000e-02	1.4323508513e-02	1.1993806804e-13	8.4809021230e-14
2.7886577954e+08	2	2.0256500000e-02	1.4323508513e-02	9.8733739787e+01	1.8095238095e+00	1.8327309524e-02	1.4452843043e-02	1.1993806804e-13	8.4809021230e-14
2.7886587954e+08	2	2.0256500000e-02	1.4323508513e-02	9.8733739787e+01	2.0000000000e+00	2.0256500000e-02	1.4323508513e-02	1.1993806804e-13	8.4809021230e-14
2.7886597954e+08	3	3.0384750000e-02	1.7542643592e-02	9.8733739787e+01	3.0000000000e+00	3.0384750000e-02	1.7542643592e-02	1.7990710205e-13	1.0386941380e-13
2.7886607954e+08	0	0.0000000000e+00	0.0000000000e+00	9.8733739787e+01	0.0000000000e+00	0.0000000000e+00	0.0000000000e+00	0.0000000000e+00	0.0000000000e+00
2.7886617954e+08	1	1.0128250000e-02	1.0128250000e-02	9.8733739787e+01	1.0000000000e+00	1.0128250000e-02	1.0128250000e-02	5.9969034018e-14	5.9969034018e-14
2.7886627954e+08	1	1.0128250000e-02	1.0128250000e-02	9.8733739787e+01	1.0000000000e+00	1.0128250000e-02	1.0128250000e-02	5.9969034018e-14	5.9969034018e-14
2.7886637954e+08	0	0.0000000000e+00	0.0000000000e+00	9.8733739787e+01	0.0000000000e+00	0.0000000000e+00	0.0000000000e+00	0.0000000000e+00	0.0000000000e+00
2.7886647954e+08	1	1.0128250000e-02	1.0128250000e-02	9.8733739787e+01	1.0000000000e+00	1.0128250000e-02	1.0128250000e-02	5.9969034018e-14	5.9969034018e-14
2.7886657954e+08	0	0.0000000000e+00	0.0000000000e+00	9.8733739787e+01	0.0000000000e+00	0.0000000000e+00	0.0000000000e+00	0.0000000000e+00	0.0000000000e+00
2.7886667954e+08	0	0.0000000000e+00	0.0000000000e+00	9.8733739787e+01	0.0000000000e+00	0.0000000000e+00	0.0000000000e+00	0.0000000000e+00	0.0000000000e+00
2.7886677954e+08	1	1.0128250000e-02	1.0128250000e-02	9.8733739787e+01	1.0000000000e+00	1.0128250000e-02	1.0128250000e-02	5.9969034018e-14	5.9969034018e-14
2.7886687954e+08	3	3.0384750000e-02	1.7542643592e-02	9.8733739787e+01	3.0000000000e+00	3.0384750000e-02	1.7542643592e-02	1.7990710205e-13	1.0386941380e-13
2.7886697954e+08	3	3.0384750000e-02	1.7542643592e-02	9.8733739787e+01	3.0000000000e+00	3.0384750000e-02	1.7542643592e-02	1.7990710205e-13	1.0386941380e-13
2.7886707954e+08	1	1.0128250000e-02	1.0128250000e-02	9.8733739787e+01	1.0000000000e+00	1.0128250000e-02	1.0128250000e-02	5.9969034018e-14	5.9969034018e-14
2.7886717954e+08	0	0.0000000000e+00	0.0000000000e+00	9.8733739787e+01	0.0000000000e+00	0.0000000000e+00	0.0000000000e+00	0.0000000000e+00	0.0000000000e+00
2.7886727954e+08	2	2.0256500000e-02	1.4323508513e-02	9.8733739787e+01	2.0000000000e+00	2.0256500000e-02	1.4323508513e-02	1.1993806804e-13	8.4809021230e-14
2.7886737954e+08	0	0.0000000000e+00	0.0000000000e+00	9.8733739787e+01	-1.9047619048e-01	-1.9291904762e-03	1.9291904762e-03	0.0000000000e+00	0.0000000000e+00
2.7886747954e+08	2	2.0256500000e-02	1.4323508513e-02	9.8733739787e+01	2.0000000000e+00	2.0256500000e-02	1.4323508513e-02	1.1993806804e-13	8.4809021230e-14
2.7886757954e+08	0	0.0000000000e+00	0.0000000000e+00	9.8733739787e+01	0.0000000000e+00	0.0000000000e+00	0.0000000000e+00	0.0000000000e+00	0.0000000000e+00
2.7886767954e+08	2	2.0256500000e-02	1.4323508513e-02	9.8733739787e+01	2.0000000000e+00	2.0256500000e-02	1.4323508513e-02	1.1993806804e-13	8.4809021230e-14
2.7886777954e+08	2	2.0256500000e-02	1.4323508513e-02	9.8733739787e+01	2.0000000000e+00	2.0256500000e-02	1.4323508513e-02	1.1993806804e-13	8.4809021230e-14
2.7886787954e+08	1	1.0128250000e-02	1.0128250000e-02	9.8733739787e+01	1.0000000000e+00	1.0128250000e-02	1.0128250000e-02	5.9969034018e-14	5.9969034018e-14
2.7886797954e+08	3	3.0384750000e-02	1.7542643592e-02	9.8733739787e+01	3.0000000000e+00	3.0384750000e-02	1.7542643592e-02	1.7990710205e-13	1.0386941380e-13
2.7886807954e+08	0	0.0000000000e+00	0.0000000000e+00	9.8733739787e+01	0.0000000000e+00	0.0000000000e+00	0.0000000000e+00	0.0000000000e+00	0.0000000000e+00
2.7886817954e+08	0	0.0000000000e+00	0.0000000000e+00	9.8733739787e+01	0.0000000000e+00	0.0000000000e+00	0.0000000000e+00	0.0000000000e+00	0.0000000000e+00
2.7886827954e+08	0	0.0000000000e+00	0.0000000000e+00	9.8733739787e+01	0.0000000000e+00	0.0000000000e+00	0.0000000000e+00	0.0000000000e+00	0.0000000000e+00
2.7886837954e+08	2	2.0256500000e-02	1.4323508513e-02	9.8733739787e+01	2.0000000000e+00	2.0256500000e-02	1.4323508513e-02	1.1993806804e-13	8.4809021230e-14
2.7886847954e+08	1	1.0128250000e-02	1.0128250000e-02	9.8733739787e+01	8.0952380952e-01	8.1990595238e-03	1.0310345482e-02	5.9969034018e-14	5.9969034018e-14
2.7886857954e+08	2	2.0256500000e-02	1.4323508513e-02	9.8733739787e+01	2.0000000000e+00	2.0256500000e-02	1.4323508513e-02	1.1993806804e-13	8.4809021230e-14
2.7886867954e+08	2	2.0256500000e-02	1.4323508513e-02	9.8733739787e+01	2.0000000000e+00	2.0256500000e-02	1.4323508513e-02	1.1993806804e-13	8.4809021230e-14
2.7886877954e+08	1	1.0128250000e-02	1.0128250000e-02	9.8733739787e+01	1.0000000000e+00	1.0128250000e-02	1.0128250000e-02	5.9969034018e-14	5.9969034018e-14
2.7886887954e+08	3	3.0384750000e-02	1.7542643592e-02	9.8733739787e+01	3.0000000000e+00	3.0384750000e-02	1.7542643592e-02	1.7990710205e-13	1.0386941380e-13
2.7886897954e+08	3	3.0384750000e-02	1.7542643592e-02	9.8733739787e+01	3.0000000000e+00	3.0384750000e-02	1.7542643592e-02	1.7990710205e-13	1.0386941380e-13
2.7886907954e+08	0	0.0000000000e+00	0.0000000000e+00	9.8733739787e+01	0.0000000000e+00	0.0000000000e+00	0.0000000000e+00	0.0000000000e+00	0.0000000000e+00
2.7886917954e+08	0	0.0000000000e+00	0.0000000000e+00	9.8733739787e+01	0.0000000000e+00	0.0000000000e+00	0.0000000000e+00	0.0000000000e+00	0.0000000000e+00
2.7886927954e+08	1	1.0128250000e-02	1.0128250000e-02	9.8733739787e+01	1.0000000000e+00	1.0128250000e-02	1.0128250000e-02	5.9969034018e-14	5.9969034018e-14
2.7886937954e+08	3	3.0384750000e-02	1.7542643592e-02	9.8733739787e+01	3.0000000000e+00	3.0384750000e-02	1.7542643592e-02	1.7990710205e-13	1.0386941380e-13
2.7886947954e+08	1	1.0128250000e-02	1.0128250000e-02	9.8733739787e+01	1.0000000000e+00	1.0128250000e-02	1.0128250000e-02	5.9969034018e-14	5.9969034018e-14
2.7886957954e+08	0	0.0000000000e+00	0.0000000000e+00	9.8733739787e+01	0.0000000000e+00	0.0000000000e+00	0.0000000000e+00	0.0000000000e+00	0.0000000000e+00
2.7886967954e+08	1	1.0128250000e-02	1.0128250000e-02	9.8733739787e+01	1.0000000000e+00	1.0128250000e-02	1.0128250000e-02	5.9969034018e-14	5.9969034018e-14
2.7886977954e+08	1	1.0128250000e-02	1.0128250000e-02	9.8733739787e+01	1.0000000000e+00	1.0128250000e-02	1.0128250000e-02	5.9969034018e-14	5.9969034018e-14
2.7886987954e+08	2	2.0256500000e-02	1.4323508513e-02	9.8733739787e+01	2.0000000000e+00	2.0256500000e-02	1.4323508513e-02	1.1993806804e-13	8.4809021230e-14
2.7886997954e+08	1	1.0128250000e-02	1.0128250000e-02	9.8733739787e+01	1.0000000000e+00	1.0128250000e-02	1.0128250000e-02	5.9969034018e-14	5.9969034018e-14
2.7887007954e+08	0	0.0000000000e+00	0.0000000000e+00	9.8733739787e+01	0.0000000000e+00	0.0000000000e+00	0.0000000000e+00	0.0000000000e+00	0.0000000000e+00
2.7887017954e+08	1	1.0128250000e-02	1.0128250000e-02	9.8733739787e+01	1.0000000000e+00	1.0128250000e-02	1.0128250000e-02	5.9969034018e-14	5.9969034018e-14
2.7887027954e+08	2	2.0256500000e-02	1.4323508513e-02	9.8733739787e+01	2.0000000000e+00	2.0256500000e-02	1.4323508513e-02	1.1993806804e-13	8.4809021230e-14
2.7887037954e+08	0	0.0000000000e+00	0.0000000000e+00	9.8733739787e+01	0.0000000000e+00	0.0000000000e+00	0.0000000000e+00	0.0000000000e+00	0.0000000000e+00
2.7887047954e+08	2	2.0256500000e-02	1.4323508513e-02	9.8733739787e+01	2.0000000000e+00	2.0256500000e-02	1.4323508513e-02	1.1993806804e-13	8.4809021230e-14
2.7887057954e+08	2	2.0256500000e-02	1.4323508513e-02	9.8733739787e+01	2.0000000000e+00	2.0256500000e-02	1.4323508513e-02	1.1993806804e-13	8.4809021230e-14
2.7887067954e+08	1	1.0128250000e-02	1.0128250000e-02	9.8733739787e+01	1.0000000000e+00	1.0128250000e-02	1.0128250000e-02	5.9969034018e-14	5.9969034018e-14
2.7887077954e+08	1	1.0128250000e-02	1.0128250000e-02	9.8733739787e+01	1.0000000000e+00	1.0128250000e-02	1.0128250000e-02	5.9969034018e-14	5.9969034018e-14
2.7887087954e+08	3	3.0384750000e-02	1.7542643592e-02	9.8733739787e+01	3.0000000000e+00	3.0384750000e-02	1.7542643592e-02	1.7990710205e-13	1.0386941380e-13
2.7887097954e+08	2	2.0256500000e-02	1.4323508513e-02	9.8733739787e+01	2.0000000000e+00	2.0256500000e-02	1.4323508513e-02	1.1993806804e-13	8.4809021230e-14
2.7887107954e+08	2	2.0256500000e-02	1.4323508513e-02	9.8733739787e+01	2.0000000000e+00	2.0256500000e-02	1.4323508513e-02	1.1993806804e-13	8.4809021230e-14
2.7887117954e+08	1	1.0128250000e-02	1.0128250000e-02	9.8733739787e+01	1.0000000000e+00	1.0128250000e-02	1.0128250000e-02	5.9969034018e-14	5.9969034018e-14
2.7887127954e+08	2	2.0256500000e-02	1.4323508513e-02	9.8733739787e+01	2.0000000000e+00	2.0256500000e-02	1.4323508513e-02	1.1993806804e-13	8.4809021230e-14
2.7887137954e+08	4	4.0513000000e-02	2.0256500000e-02	9.8733739787e+01	4.0000000000e+00	4.0513000000e-02	2.0256500000e-02	2.3987613607e-13	1.1993806804e-13
2.7887147954e+08	1	1.0128250000e-02	1.0128250000e-02	9.8733739787e+01	1.0000000000e+00	1.0128250000e-02	1.0128250000e-02	5.9969034018e-14	5.9969034018e-14
2.7887157954e+08	1	1.0128250000e-02	1.0128250000e-02	9.8733739787e+01	1.0000000000e+00	1.0128250000e-02	1.0128250000e-02	5.9969034018e-14	5.9969034018e-14
2.7887167954e+08	0	0.0000000000e+00	0.0000000000e+00	9.8733739787e+01	0.0000000000e+00	0.0000000000e+00	0.0000000000e+00	0.0000000000e+00	0.0000000000e+00
2.7887177954e+08	0	0.0000000000e+00	0.0000000000e+00	9.8733739787e+01	0.0000000000e+00	0.0000000000e+00	0.0000000000e+00	0.0000000000e+00	0.0000000000e+00
2.7887187954e+08	2	2.0256500000e-02	1.4323508513e-02	9.8733739787e+01	2.0000000000e+00	2.0256500000e-02	1.4323508513e-02	1.1993806804e-13	8.4809021230e-14
2.7887197954e+08	3	3.0384750000e-02	1.7542643592e-02	9.8733739787e+01	3.0000000000e+00	3.0384750000e-02	1.7542643592e-02	1.7990710205e-13	1.0386941380e-13
2.7887207954e+08	2	2.0256500000e-02	1.4323508513e-02	9.8733739787e+01	2.0000000000e+00	2.0256500000e-02	1.4323508513e-02	1.1993806804e-13	8.4809021230e-14
2.7887217954e+08	0	0.0000000000e+00	0.0000000000e+00	9.8733739787e+01	0.0000000000e+00	0.0000000000e+00	0.0000000000e+00	0.0000000000e+00	0.0000000000e+00
2.7887227954e+08	2	2.0256500000e-02	1.4323508513e-02	9.8733739787e+01	2.0000000000e+00	2.0256500000e-02	1.4323508513e-02	1.1993806804e-13	8.4809021230e-14
2.7887237954e+08	2	2.0256500000e-02	1.4323508513e-02	9.8733739787e+01	2.0000000000e+00	2.0256500000e-02	1.4323508513e-02	1.1993806804e-13	8.4809021230e-14
2.7887247954e+08	5	5.0641250000e-02	2.2647455493e-02	9.8733739787e+01	5.0000000000e+00	5.0641250000e-02	2.2647455493e-02	2.9984517009e-13	1.3409483661e-13
2.7887257954e+08	2	2.0256500000e-02	1.4323508513e-02	9.8733739787e+01	2.0000000000e+00	2.0256500000e-02	1.4323508513e-02	1.1993806804e-13	8.4809021230e-14
2.7887267954e+08	1	1.0128250000e-02	1.0128250000e-02	9.8733739787e+01	1.0000000000e+00	1.0128250000e-02	1.0128250000e-02	5.9969034018e-14	5.9969034018e-14
2.7887277954e+08	2	2.0256500000e-02	1.4323508513e-02	9.8733739787e+01	2.0000000000e+00	2.0256500000e-02	1.4323508513e-02	1.1993806804e-13	8.4809021230e-14
2.7887287954e+08	2	2.0256500000e-02	1.4323508513e-02	9.8733739787e+01	2.0000000000e+00	2.0256500000e-02	1.4323508513e-02	1.1993806804e-13	8.4809021230e-14
2.7887297954e+08	4	4.0513000000e-02	2.0256500000e-02	9.8733739787e+01	4.0000000000e+00	4.0513000000e-02	2.0256500000e-02	2.3987613607e-13	1.1993806804e-13
2.7887307954e+08	3	3.0384750000e-02	1.7542643592e-02	9.8733739787e+01	2.8095238095e+00	2.8455559524e-02	1.7648402763e-02	1.7990710205e-13	1.0386941380e-13
2.7887317954e+08	0	0.0000000000e+00	0.0000000000e+00	9.8733739787e+01	0.0000000000e+00	0.0000000000e+00	0.0000000000e+00	0.0000000000e+00	0.0000000000e+00
2.7887327954e+08	1	1.0128250000e-02	1.0128250000e-02	9.8733739787e+01	1.0000000000e+00	1.0128250000e-02	1.0128250000e-02	5.9969034018e-14	5.9969034018e-14
2.7887337954e+08	0	0.0000000000e+00	0.0000000000e+00	9.8733739787e+01	0.0000000000e+00	0.0000000000e+00	0.0000000000e+00	0.0000000000e+00	0.0000000000e+00
2.7887347954e+08	1	1.0128250000e-02	1.0128250000e-02	9.8733739787e+01	1.0000000000e+00	1.0128250000e-02	1.0128250000e-02	5.9969034018e-14	5.9969034018e-14
2.7887357954e+08	1	1.0128250000e-02	1.0128250000e-02	9.8733739787e+01	1.0000000000e+00	1.0128250000e-02	1.0128250000e-02	5.9969034018e-14	5.9969034018e-14
2.7887367954e+08	0	0.0000000000e+00	0.0000000000e+00	9.8733739787e+01	0.0000000000e+00	0.0000000000e+00	0.0000000000e+00	0.0000000000e+00	0.0000000000e+00
2.7887377954e+08	2	2.0256500000e-02	1.4323508513e-02	9.8733739787e+01	2.0000000000e+00	2.0256500000e-02	1.4323508513e-02	1.1993806804e-13	8.4809021230e-14
2.7887387954e+08	1	1.0128250000e-02	1.0128250000e-02	9.8733739787e+01	1.0000000000e+00	1.0128250000e-02	1.0128250000e-02	5.9969034018e-14	5.9969034018e-14
2.7887397954e+08	3	3.0384750000e-02	1.7542643592e-02	9.8733739787e+01	3.0000000000e+00	3.0384750000e-02	1.7542643592e-02	1.7990710205e-13	1.0386941380e-13
2.7887407954e+08	3	3.0384750000e-02	1.7542643592e-02	9.8733739787e+01	3.0000000000e+00	3.0384750000e-02	1.7542643592e-02	1.7990710205e-13	1.0386941380e-13
2.7887417954e+08	0	0.0000000000e+00	0.0000000000e+00	9.8733739787e+01	0.0000000000e+00	0.0000000000e+00	0.0000000000e+00	0.0000000000e+00	0.0000000000e+00
2.7887427954e+08	0	0.0000000000e+00	0.0000000000e+00	9.8733739787e+01	0.0000000000e+00	0.0000000000e+00	0.0000000000e+00	0.0000000000e+00	0.0000000000e+00
2.7887437954e+08	0	0.0000000000e+00	0.0000000000e+00	9.8733739787e+01	0.0000000000e+00	0.0000000000e+00	0.0000000000e+00	0.0000000000e+00	0.0000000000e+00
2.7887447954e+08	2	2.0256500000e-02	1.4323508513e-02	9.8733739787e+01	2.0000000000e+00	2.0256500000e-02	1.4323508513e-02	1.1993806804e-13	8.4809021230e-14
2.7887457954e+08	4	4.0513000000e-02	2.0256500000e-02	9.8733739787e+01	4.0000000000e+00	4.0513000000e-02	2.0256500000e-02	2.3987613607e-13	1.1993806804e-13
2.7887467954e+08	4	4.0513000000e-02	2.0256500000e-02	9.8733739787e+01	4.0000000000e+00	4.0513000000e-02	2.0256500000e-02	2.3987613607e-13	1.1993806804e-13
2.7887477954e+08	2	2.0256500000e-02	1.4323508513e-02	9.8733739787e+01	1.8095238095e+00	1.8327309524e-02	1.4452843043e-02	1.1993806804e-13	8.4809021230e-14
2.7887487954e+08	2	2.0256500000e-02	1.4323508513e-02	9.8733739787e+01	1.8095238095e+00	1.8327309524e-02	1.4452843043e-02	1.1993806804e-13	8.4809021230e-14
2.7887497954e+08	0	0.0000000000e+00	0.0000000000e+00	9.8733739787e+01	0.0000000000e+00	0.0000000000e+00	0.0000000000e+00	0.0000000000e+00	0.0000000000e+00
2.7887507954e+08	4	4.0513000000e-02	2.0256500000e-02	9.8733739787e+01	4.0000000000e+00	4.0513000000e-02	2.0256500000e-02	2.3987613607e-13	1.1993806804e-13
2.7887517954e+08	3	3.0384750000e-02	1.7542643592e-02	9.8733739787e+01	3.0000000000e+00	3.0384750000e-02	1.7542643592e-02	1.7990710205e-13	1.0386941380e-13
2.7887527954e+08	5	5.0641250000e-02	2.2647455493e-02	9.8733739787e+01	5.0000000000e+00	5.0641250000e-02	2.2647455493e-02	2.9984517009e-13	1.3409483661e-13
2.7887537954e+08	0	0.0000000000e+00	0.0000000000e+00	9.8733739787e+01	-1.9047619048e-01	-1.9291904762e-03	1.9291904762e-03	0.0000000000e+00	0.0000000000e+00
2.7887547954e+08	4	4.0513000000e-02	2.0256500000e-02	9.8733739787e+01	4.0000000000e+00	4.0513000000e-02	2.0256500000e-02	2.3987613607e-13	1.1993806804e-13
2.7887557954e+08	4	4.0513000000e-02	2.0256500000e-02	9.8733739787e+01	4.0000000000e+00	4.0513000000e-02	2.0256500000e-02	2.3987613607e-13	1.1993806804e-13
2.7887567954e+08	5	5.0641250000e-02	2.2647455493e-02	9.8733739787e+01	5.0000000000e+00	5.0641250000e-02	2.2647455493e-02	2.9984517009e-13	1.3409483661e-13
2.7887577954e+08	4	4.0513000000e-02	2.0256500000e-02	9.8733739787e+01	4.0000000000e+00	4.0513000000e-02	2.0256500000e-02	2.3987613607e-13	1.1993806804e-13
2.7887587954e+08	3	3.0384750000e-02	1.7542643592e-02	9.8733739787e+01	3.0000000000e+00	3.0384750000e-02	1.7542643592e-02	1.7990710205e-13	1.0386941380e-13
2.7887597954e+08	3	3.0384750000e-02	1.7542643592e-02	9.8733739787e+01	3.0000000000e+00	3.0384750000e-02	1.7542643592e-02	1.7990710205e-13	1.0386941380e-13
2.7887607954e+08	5	5.0641250000e-02	2.2647455493e-02	9.8733739787e+01	5.0000000000e+00	5.0641250000e-02	2.2647455493e-02	2.9984517009e-13	1.3409483661e-13
2.7887617954e+08	3	3.0384750000e-02	1.7542643592e-02	9.8733739787e+01	2.8095238095e+00	2.8455559524e-02	1.7648402763e-02	1.7990710205e-13	1.0386941380e-13
2.7887627954e+08	3	3.0384750000e-02	1.7542643592e-02	9.8733739787e+01	2.8095238095e+00	2.8455559524e-02	1.7648402763e-02	1.7990710205e-13	1.0386941380e-13
2.7887637954e+08	9	9.1154250000e-02	3.0384750000e-02	9.8733739787e+01	9.0000000000e+00	9.1154250000e-02	3.0384750000e-02	5.3972130616e-13	1.7990710205e-13
2.7887647954e+08	3	3.0384750000e-02	1.7542643592e-02	9.8733739787e+01	3.0000000000e+00	3.0384750000e-02	1.7542643592e-02	1.7990710205e-13	1.0386941380e-13
2.7887657954e+08	4	4.0513000000e-02	2.0256500000e-02	9.8733739787e+01	3.6190476190e+00	3.6654619048e-02	2.0439406646e-02	2.3987613607e-13	1.1993806804e-13
2.7887667954e+08	2	2.0256500000e-02	1.4323508513e-02	9.8733739787e+01	2.0000000000e+00	2.0256500000e-02	1.4323508513e-02	1.1993806804e-13	8.4809021230e-14
2.7887677954e+08	2	2.0256500000e-02	1.4323508513e-02	9.8733739787e+01	2.0000000000e+00	2.0256500000e-02	1.4323508513e-02	1.1993806804e-13	8.4809021230e-14
2.7887687954e+08	3	3.0384750000e-02	1.7542643592e-02	9.8733739787e+01	3.0000000000e+00	3.0384750000e-02	1.7542643592e-02	1.7990710205e-13	1.0386941380e-13
2.7887697954e+08	7	7.0897750000e-02	2.6796830716e-02	9.8733739787e+01	7.0000000000e+00	7.0897750000e-02	2.6796830716e-02	4.1978323812e-13	1.5866315037e-13
2.7887707954e+08	3	3.0384750000e-02	1.7542643592e-02	9.8733739787e+01	3.0000000000e+00	3.0384750000e-02	1.7542643592e-02	1.7990710205e-13	1.0386941380e-13
2.7887717954e+08	4	4.0513000000e-02	2.0256500000e-02	9.8733739787e+01	4.0000000000e+00	4.0513000000e-02	2.0256500000e-02	2.3987613607e-13	1.1993806804e-13
2.7887727954e+08	2	2.0256500000e-02	1.4323508513e-02	9.8733739787e+01	2.0000000000e+00	2.0256500000e-02	1.4323508513e-02	1.1993806804e-13	8.4809021230e-14
2.7887737954e+08	9	9.1154250000e-02	3.0384750000e-02	9.8733739787e+01	9.0000000000e+00	9.1154250000e-02	3.0384750000e-02	5.3972130616e-13	1.7990710205e-13
2.7887747954e+08	5	5.0641250000e-02	2.2647455493e-02	9.8733739787e+01	5.0000000000e+00	5.0641250000e-02	2.2647455493e-02	2.9984517009e-13	1.3409483661e-13
2.7887757954e+08	7	7.0897750000e-02	2.6796830716e-02	9.8733739787e+01	7.0000000000e+00	7.0897750000e-02	2.6796830716e-02	4.1978323812e-13	1.5866315037e-13
2.7887767954e+08	5	5.0641250000e-02	2.2647455493e-02	9.8733739787e+01	5.0000000000e+00	5.0641250000e-02	2.2647455493e-02	2.9984517009e-13	1.3409483661e-13
2.7887777954e+08	9	9.1154250000e-02	3.0384750000e-02	9.8733739787e+01	9.0000000000e+00	9.1154250000e-02	3.0384750000e-02	5.3972130616e-13	1.7990710205e-13
2.7887787954e+08	3	3.0384750000e-02	1.7542643592e-02	9.8733739787e+01	3.0000000000e+00	3.0384750000e-02	1.7542643592e-02	1.7990710205e-13	1.0386941380e-13
2.7887797954e+08	2	2.0256500000e-02	1.4323508513e-02	9.8733739787e+01	1.8095238095e+00	1.8327309524e-02	1.4452843043e-02	1.1993806804e-13	8.4809021230e-14
2.7887807954e+08	5	5.0641250000e-02	2.2647455493e-02	9.8733739787e+01	5.0000000000e+00	5.0641250000e-02	2.2647455493e-02	2.9984517009e-13	1.3409483661e-13
2.7887817954e+08	1	1.0128250000e-02	1.0128250000e-02	9.8733739787e+01	1.0000000000e+00	1.0128250000e-02	1.0128250000e-02	5.9969034018e-14	5.9969034018e-14
2.7887827954e+08	2	2.0256500000e-02	1.4323508513e-02	9.8733739787e+01	2.0000000000e+00	2.0256500000e-02	1.4323508513e-02	1.1993806804e-13	8.4809021230e-14
2.7887837954e+08	2	2.0256500000e-02	1.4323508513e-02	9.8733739787e+01	2.0000000000e+00	2.0256500000e-02	1.4323508513e-02	1.1993806804e-13	8.4809021230e-14
2.7887847954e+08	6	6.0769500000e-02	2.4809044487e-02	9.8733739787e+01	6.0000000000e+00	6.0769500000e-02	2.4809044487e-02	3.5981420411e-13	1.4689353371e-13
2.7887857954e+08	7	7.0897750000e-02	2.6796830716e-02	9.8733739787e+01	7.0000000000e+00	7.0897750000e-02	2.6796830716e-02	4.1978323812e-13	1.5866315037e-13
2.7887867954e+08	1	1.0128250000e-02	1.0128250000e-02	9.8733739787e+01	1.0000000000e+00	1.0128250000e-02	1.0128250000e-02	5.9969034018e-14	5.9969034018e-14
2.7887877954e+08	3	3.0384750000e-02	1.7542643592e-02	9.8733739787e+01	2.8095238095e+00	2.8455559524e-02	1.7648402763e-02	1.7990710205e-13	1.0386941380e-13
2.7887887954e+08	9	9.1154250000e-02	3.0384750000e-02	9.8733739787e+01	9.0000000000e+00	9.1154250000e-02	3.0384750000e-02	5.3972130616e-13	1.7990710205e-13
2.7887897954e+08	3	3.0384750000e-02	1.7542643592e-02	9.8733739787e+01	3.0000000000e+00	3.0384750000e-02	1.7542643592e-02	1.7990710205e-13	1.0386941380e-13
2.7887907954e+08	5	5.0641250000e-02	2.2647455493e-02	9.8733739787e+01	5.0000000000e+00	5.0641250000e-02	2.2647455493e-02	2.9984517009e-13	1.3409483661e-13
2.7887917954e+08	2	2.0256500000e-02	1.4323508513e-02	9.8733739787e+01	2.0000000000e+00	2.0256500000e-02	1.4323508513e-02	1.1993806804e-13	8.4809021230e-14
2.7887927954e+08	9	9.1154250000e-02	3.0384750000e-02	9.8733739787e+01	9.0000000000e+00	9.1154250000e-02	3.0384750000e-02	5.3972130616e-13	1.7990710205e-13
2.7887937954e+08	6	6.0769500000e-02	2.4809044487e-02	9.8733739787e+01	6.0000000000e+00	6.0769500000e-02	2.4809044487e-02	3.5981420411e-13	1.4689353371e-13
2.7887947954e+08	7	7.0897750000e-02	2.6796830716e-02	9.8733739787e+01	7.0000000000e+00	7.0897750000e-02	2.6796830716e-02	4.1978323812e-13	1.5866315037e-13
2.7887957954e+08	8	8.1026000000e-02	2.8647017026e-02	9.8733739787e+01	8.0000000000e+00	8.1026000000e-02	2.8647017026e-02	4.7975227214e-13	1.6961804246e-13
2.7887967954e+08	8	8.1026000000e-02	2.8647017026e-02	9.8733739787e+01	8.0000000000e+00	8.1026000000e-02	2.8647017026e-02	4.7975227214e-13	1.6961804246e-13
2.7887977954e+08	5	5.0641250000e-02	2.2647455493e-02	9.8733739787e+01	5.0000000000e+00	5.0641250000e-02	2.2647455493e-02	2.9984517009e-13	1.3409483661e-13
2.7887987954e+08	11	1.1141075000e-01	3.3591605033e-02	9.8733739787e+01	1.1000000000e+01	1.1141075000e-01	3.3591605033e-02	6.5965937420e-13	1.9889478488e-13
2.7887997954e+08	7	7.0897750000e-02	2.6796830716e-02	9.8733739787e+01	7.0000000000e+00	7.0897750000e-02	2.6796830716e-02	4.1978323812e-13	1.5866315037e-13
2.7888007954e+08	7	7.0897750000e-02	2.6796830716e-02	9.8733739787e+01	7.0000000000e+00	7.0897750000e-02	2.6796830716e-02	4.1978323812e-13	1.5866315037e-13
2.7888017954e+08	2	2.0256500000e-02	1.4323508513e-02	9.8733739787e+01	1.6190476190e+00	1.6398119048e-02	1.4581030413e-02	1.1993806804e-13	8.4809021230e-14
2.7888027954e+08	5	5.0641250000e-02	2.2647455493e-02	9.8733739787e+01	5.0000000000e+00	5.0641250000e-02	2.2647455493e-02	2.9984517009e-13	1.3409483661e-13
2.7888037954e+08	8	8.1026000000e-02	2.8647017026e-02	9.8733739787e+01	8.0000000000e+00	8.1026000000e-02	2.8647017026e-02	4.7975227214e-13	1.6961804246e-13
2.7888047954e+08	9	9.1154250000e-02	3.0384750000e-02	9.8733739787e+01	9.0000000000e+00	9.1154250000e-02	3.0384750000e-02	5.3972130616e-13	1.7990710205e-13
2.7888057954e+08	6	6.0769500000e-02	2.4809044487e-02	9.8733739787e+01	5.8095238095e+00	5.8840309524e-02	2.4883939886e-02	3.5981420411e-13	1.4689353371e-13
2.7888067954e+08	5	5.0641250000e-02	2.2647455493e-02	9.8733739787e+01	5.0000000000e+00	5.0641250000e-02	2.2647455493e-02	2.9984517009e-13	1.3409483661e-13
2.7888077954e+08	6	6.0769500000e-02	2.4809044487e-02	9.8733739787e+01	6.0000000000e+00	6.0769500000e-02	2.4809044487e-02	3.5981420411e-13	1.4689353371e-13
2.7888087954e+08	8	8.1026000000e-02	2.8647017026e-02	9.8733739787e+01	8.0000000000e+00	8.1026000000e-02	2.8647017026e-02	4.7975227214e-13	1.6961804246e-13
2.7888097954e+08	8	8.1026000000e-02	2.8647017026e-02	9.8733739787e+01	8.0000000000e+00	8.1026000000e-02	2.8647017026e-02	4.7975227214e-13	1.6961804246e-13
2.7888107954e+08	7	7.0897750000e-02	2.6796830716e-02	9.8733739787e+01	7.0000000000e+00	7.0897750000e-02	2.6796830716e-02	4.1978323812e-13	1.5866315037e-13
2.7888117954e+08	2	2.0256500000e-02	1.4323508513e-02	9.8733739787e+01	2.0000000000e+00	2.0256500000e-02	1.4323508513e-02	1.1993806804e-13	8.4809021230e-14
2.7888127954e+08	14	1.4179550000e-01	3.7896441428e-02	9.8733739787e+01	1.3809523810e+01	1.3986630952e-01	3.7945514211e-02	8.3956647625e-13	2.2438357911e-13
2.7888137954e+08	12	1.2153900000e-01	3.5085287184e-02	9.8733739787e+01	1.2000000000e+01	1.2153900000e-01	3.5085287184e-02	7.1962840821e-13	2.0773882760e-13
2.7888147954e+08	6	6.0769500000e-02	2.4809044487e-02	9.8733739787e+01	5.8095238095e+00	5.8840309524e-02	2.4883939886e-02	3.5981420411e-13	1.4689353371e-13
2.7888157954e+08	9	9.1154250000e-02	3.0384750000e-02	9.8733739787e+01	9.0000000000e+00	9.1154250000e-02	3.0384750000e-02	5.3972130616e-13	1.7990710205e-13
2.7888167954e+08	8	8.1026000000e-02	2.8647017026e-02	9.8733739787e+01	8.0000000000e+00	8.1026000000e-02	2.8647017026e-02	4.7975227214e-13	1.6961804246e-13
2.7888177954e+08	6	6.0769500000e-02	2.4809044487e-02	9.8733739787e+01	6.0000000000e+00	6.0769500000e-02	2.4809044487e-02	3.5981420411e-13	1.4689353371e-13
2.7888187954e+08	7	7.0897750000e-02	2.6796830716e-02	9.8733739787e+01	7.0000000000e+00	7.0897750000e-02	2.6796830716e-02	4.1978323812e-13	1.5866315037e-13
2.7888197954e+08	3	3.0384750000e-02	1.7542643592e-02	9.8733739787e+01	3.0000000000e+00	3.0384750000e-02	1.7542643592e-02	1.7990710205e-13	1.0386941380e-13
2.7888207954e+08	7	7.0897750000e-02	2.6796830716e-02	9.8733739787e+01	6.8095238095e+00	6.8968559524e-02	2.6866185295e-02	4.1978323812e-13	1.5866315037e-13
2.7888217954e+08	8	8.1026000000e-02	2.8647017026e-02	9.8733739787e+01	8.0000000000e+00	8.1026000000e-02	2.8647017026e-02	4.7975227214e-13	1.6961804246e-13
2.7888227954e+08	9	9.1154250000e-02	3.0384750000e-02	9.8733739787e+01	9.0000000000e+00	9.1154250000e-02	3.0384750000e-02	5.3972130616e-13	1.7990710205e-13
2.7888237954e+08	10	1.0128250000e-01	3.2028338712e-02	9.8733739787e+01	1.0000000000e+01	1.0128250000e-01	3.2028338712e-02	5.9969034018e-13	1.8963873658e-13
2.7888247954e+08	7	7.0897750000e-02	2.6796830716e-02	9.8733739787e+01	7.0000000000e+00	7.0897750000e-02	2.6796830716e-02	4.1978323812e-13	1.5866315037e-13
2.7888257954e+08	7	7.0897750000e-02	2.6796830716e-02	9.8733739787e+01	6.8095238095e+00	6.8968559524e-02	2.6866185295e-02	4.1978323812e-13	1.5866315037e-13
2.7888267954e+08	9	9.1154250000e-02	3.0384750000e-02	9.8733739787e+01	9.0000000000e+00	9.1154250000e-02	3.0384750000e-02	5.3972130616e-13	1.7990710205e-13
2.7888277954e+08	8	8.1026000000e-02	2.8647017026e-02	9.8733739787e+01	7.8095238095e+00	7.9096809524e-02	2.8711902765e-02	4.7975227214e-13	1.6961804246e-13
2.7888287954e+08	4	4.0513000000e-02	2.0256500000e-02	9.8733739787e+01	4.0000000000e+00	4.0513000000e-02	2.0256500000e-02	2.3987613607e-13	1.1993806804e-13
2.7888297954e+08	3	3.0384750000e-02	1.7542643592e-02	9.8733739787e+01	3.0000000000e+00	3.0384750000e-02	1.7542643592e-02	1.7990710205e-13	1.0386941380e-13
2.7888307954e+08	6	6.0769500000e-02	2.4809044487e-02	9.8733739787e+01	6.0000000000e+00	6.0769500000e-02	2.4809044487e-02	3.5981420411e-13	1.4689353371e-13
2.7888317954e+08	10	1.0128250000e-01	3.2028338712e-02	9.8733739787e+01	9.8095238095e+00	9.9353309524e-02	3.2086387402e-02	5.9969034018e-13	1.8963873658e-13
2.7888327954e+08	7	7.0897750000e-02	2.6796830716e-02	9.8733739787e+01	7.0000000000e+00	7.0897750000e-02	2.6796830716e-02	4.1978323812e-13	1.5866315037e-13
2.7888337954e+08	5	5.0641250000e-02	2.2647455493e-02	9.8733739787e+01	5.0000000000e+00	5.0641250000e-02	2.2647455493e-02	2.9984517009e-13	1.3409483661e-13
2.7888347954e+08	5	5.0641250000e-02	2.2647455493e-02	9.8733739787e+01	5.0000000000e+00	5.0641250000e-02	2.2647455493e-02	2.9984517009e-13	1.3409483661e-13
2.7888357954e+08	8	8.1026000000e-02	2.8647017026e-02	9.8733739787e+01	8.0000000000e+00	8.1026000000e-02	2.8647017026e-02	4.7975227214e-13	1.6961804246e-13
2.7888367954e+08	9	9.1154250000e-02	3.0384750000e-02	9.8733739787e+01	9.0000000000e+00	9.1154250000e-02	3.0384750000e-02	5.3972130616e-13	1.7990710205e-13
2.7888377954e+08	8	8.1026000000e-02	2.8647017026e-02	9.8733739787e+01	8.0000000000e+00	8.1026000000e-02	2.8647017026e-02	4.7975227214e-13	1.6961804246e-13
2.7888387954e+08	8	8.1026000000e-02	2.8647017026e-02	9.8733739787e+01	8.0000000000e+00	8.1026000000e-02	2.8647017026e-02	4.7975227214e-13	1.6961804246e-13
2.7888397954e+08	4	4.0513000000e-02	2.0256500000e-02	9.8733739787e+01	4.0000000000e+00	4.0513000000e-02	2.0256500000e-02	2.3987613607e-13	1.1993806804e-13
2.7888407954e+08	5	5.0641250000e-02	2.2647455493e-02	9.8733739787e+01	5.0000000000e+00	5.0641250000e-02	2.2647455493e-02	2.9984517009e-13	1.3409483661e-13
2.7888417954e+08	2	2.0256500000e-02	1.4323508513e-02	9.8733739787e+01	2.0000000000e+00	2.0256500000e-02	1.4323508513e-02	1.1993806804e-13	8.4809021230e-14
2.7888427954e+08	8	8.1026000000e-02	2.8647017026e-02	9.8733739787e+01	8.0000000000e+00	8.1026000000e-02	2.8647017026e-02	4.7975227214e-13	1.6961804246e-13
2.7888437954e+08	9	9.1154250000e-02	3.0384750000e-02	9.8733739787e+01	9.0000000000e+00	9.1154250000e-02	3.0384750000e-02	5.3972130616e-13	1.7990710205e-13
2.7888447954e+08	6	6.0769500000e-02	2.4809044487e-02	9.8733739787e+01	6.0000000000e+00	6.0769500000e-02	2.4809044487e-02	3.5981420411e-13	1.4689353371e-13
2.7888457954e+08	10	1.0128250000e-01	3.2028338712e-02	9.8733739787e+01	9.8095238095e+00	9.9353309524e-02	3.2086387402e-02	5.9969034018e-13	1.8963873658e-13
2.7888467954e+08	5	5.0641250000e-02	2.2647455493e-02	9.8733739787e+01	5.0000000000e+00	5.0641250000e-02	2.2647455493e-02	2.9984517009e-13	1.3409483661e-13
2.7888477954e+08	4	4.0513000000e-02	2.0256500000e-02	9.8733739787e+01	4.0000000000e+00	4.0513000000e-02	2.0256500000e-02	2.3987613607e-13	1.1993806804e-13
2.7888487954e+08	7	7.0897750000e-02	2.6796830716e-02	9.8733739787e+01	7.0000000000e+00	7.0897750000e-02	2.6796830716e-02	4.1978323812e-13	1.5866315037e-13
2.7888497954e+08	6	6.0769500000e-02	2.4809044487e-02	9.8733739787e+01	6.0000000000e+00	6.0769500000e-02	2.4809044487e-02	3.5981420411e-13	1.4689353371e-13
2.7888507954e+08	6	6.0769500000e-02	2.4809044487e-02	9.8733739787e+01	6.0000000000e+00	6.0769500000e-02	2.4809044487e-02	3.5981420411e-13	1.4689353371e-13
2.7888517954e+08	4	4.0513000000e-02	2.0256500000e-02	9.8733739787e+01	3.8095238095e+00	3.8583809524e-02	2.0348158839e-02	2.3987613607e-13	1.1993806804e-13
2.7888527954e+08	10	1.0128250000e-01	3.2028338712e-02	9.8733739787e+01	9.8095238095e+00	9.9353309524e-02	3.2086387402e-02	5.9969034018e-13	1.8963873658e-13
2.7888537954e+08	8	8.1026000000e-02	2.8647017026e-02	9.8733739787e+01	8.0000000000e+00	8.1026000000e-02	2.8647017026e-02	4.7975227214e-13	1.6961804246e-13
2.7888547954e+08	7	7.0897750000e-02	2.6796830716e-02	9.8733739787e+01	6.8095238095e+00	6.8968559524e-02	2.6866185295e-02	4.1978323812e-13	1.5866315037e-13
2.7888557954e+08	16	1.6205200000e-01	4.0513000000e-02	9.8733739787e+01	1.6000000000e+01	1.6205200000e-01	4.0513000000e-02	9.5950454428e-13	2.3987613607e-13
2.7888567954e+08	5	5.0641250000e-02	2.2647455493e-02	9.8733739787e+01	5.0000000000e+00	5.0641250000e-02	2.2647455493e-02	2.9984517009e-13	1.3409483661e-13
2.7888577954e+08	11	1.1141075000e-01	3.3591605033e-02	9.8733739787e+01	1.1000000000e+01	1.1141075000e-01	3.3591605033e-02	6.5965937420e-13	1.9889478488e-13
2.7888587954e+08	7	7.0897750000e-02	2.6796830716e-02	9.8733739787e+01	7.0000000000e+00	7.0897750000e-02	2.6796830716e-02	4.1978323812e-13	1.5866315037e-13
2.7888597954e+08	7	7.0897750000e-02	2.6796830716e-02	9.8733739787e+01	7.0000000000e+00	7.0897750000e-02	2.6796830716e-02	4.1978323812e-13	1.5866315037e-13
2.7888607954e+08	14	1.4179550000e-01	3.7896441428e-02	9.8733739787e+01	1.3809523810e+01	1.3986630952e-01	3.7945514211e-02	8.3956647625e-13	2.2438357911e-13
2.7888617954e+08	9	9.1154250000e-02	3.0384750000e-02	9.8733739787e+01	9.0000000000e+00	9.1154250000e-02	3.0384750000e-02	5.3972130616e-13	1.7990710205e-13
2.7888627954e+08	8	8.1026000000e-02	2.8647017026e-02	9.8733739787e+01	8.0000000000e+00	8.1026000000e-02	2.8647017026e-02	4.7975227214e-13	1.6961804246e-13
2.7888637954e+08	8	8.1026000000e-02	2.8647017026e-02	9.8733739787e+01	8.0000000000e+00	8.1026000000e-02	2.8647017026e-02	4.7975227214e-13	1.6961804246e-13
2.7888647954e+08	6	6.0769500000e-02	2.4809044487e-02	9.8733739787e+01	5.8095238095e+00	5.8840309524e-02	2.4883939886e-02	3.5981420411e-13	1.4689353371e-13
2.7888657954e+08	6	6.0769500000e-02	2.4809044487e-02	9.8733739787e+01	6.0000000000e+00	6.0769500000e-02	2.4809044487e-02	3.5981420411e-13	1.4689353371e-13
2.7888667954e+08	14	1.4179550000e-01	3.7896441428e-02	9.8733739787e+01	1.4000000000e+01	1.4179550000e-01	3.7896441428e-02	8.3956647625e-13	2.2438357911e-13
2.7888677954e+08	9	9.1154250000e-02	3.0384750000e-02	9.8733739787e+01	9.0000000000e+00	9.1154250000e-02	3.0384750000e-02	5.3972130616e-13	1.7990710205e-13
2.7888687954e+08	7	7.0897750000e-02	2.6796830716e-02	9.8733739787e+01	7.0000000000e+00	7.0897750000e-02	2.6796830716e-02	4.1978323812e-13	1.5866315037e-13
2.7888697954e+08	11	1.1141075000e-01	3.3591605033e-02	9.8733739787e+01	1.1000000000e+01	1.1141075000e-01	3.3591605033e-02	6.5965937420e-13	1.9889478488e-13
2.7888707954e+08	11	1.1141075000e-01	3.3591605033e-02	9.8733739787e+01	1.1000000000e+01	1.1141075000e-01	3.3591605033e-02	6.5965937420e-13	1.9889478488e-13
2.7888717954e+08	12	1.2153900000e-01	3.5085287184e-02	9.8733739787e+01	1.2000000000e+01	1.2153900000e-01	3.5085287184e-02	7.1962840821e-13	2.0773882760e-13
2.7888727954e+08	8	8.1026000000e-02	2.8647017026e-02	9.8733739787e+01	8.0000000000e+00	8.1026000000e-02	2.8647017026e-02	4.7975227214e-13	1.6961804246e-13
2.7888737954e+08	7	7.0897750000e-02	2.6796830716e-02	9.8733739787e+01	7.0000000000e+00	7.0897750000e-02	2.6796830716e-02	4.1978323812e-13	1.5866315037e-13
2.7888747954e+08	10	1.0128250000e-01	3.2028338712e-02	9.8733739787e+01	9.8095238095e+00	9.9353309524e-02	3.2086387402e-02	5.9969034018e-13	1.8963873658e-13
2.7888757954e+08	8	8.1026000000e-02	2.8647017026e-02	9.8733739787e+01	8.0000000000e+00	8.1026000000e-02	2.8647017026e-02	4.7975227214e-13	1.6961804246e-13
2.7888767954e+08	4	4.0513000000e-02	2.0256500000e-02	9.8733739787e+01	4.0000000000e+00	4.0513000000e-02	2.0256500000e-02	2.3987613607e-13	1.1993806804e-13
2.7888777954e+08	12	1.2153900000e-01	3.5085287184e-02	9.8733739787e+01	1.2000000000e+01	1.2153900000e-01	3.5085287184e-02	7.1962840821e-13	2.0773882760e-13
2.7888787954e+08	5	5.0641250000e-02	2.2647455493e-02	9.8733739787e+01	4.8095238095e+00	4.8712059524e-02	2.2729474614e-02	2.9984517009e-13	1.3409483661e-13
2.7888797954e+08	4	4.0513000000e-02	2.0256500000e-02	9.8733739787e+01	4.0000000000e+00	4.0513000000e-02	2.0256500000e-02	2.3987613607e-13	1.1993806804e-13
2.7888807954e+08	8	8.1026000000e-02	2.8647017026e-02	9.8733739787e+01	8.0000000000e+00	8.1026000000e-02	2.8647017026e-02	4.7975227214e-13	1.6961804246e-13
2.7888817954e+08	6	6.0769500000e-02	2.4809044487e-02	9.8733739787e+01	6.0000000000e+00	6.0769500000e-02	2.4809044487e-02	3.5981420411e-13	1.4689353371e-13
2.7888827954e+08	9	9.1154250000e-02	3.0384750000e-02	9.8733739787e+01	9.0000000000e+00	9.1154250000e-02	3.0384750000e-02	5.3972130616e-13	1.7990710205e-13
2.7888837954e+08	7	7.0897750000e-02	2.6796830716e-02	9.8733739787e+01	6.8095238095e+00	6.8968559524e-02	2.6866185295e-02	4.1978323812e-13	1.5866315037e-13
2.7888847954e+08	8	8.1026000000e-02	2.8647017026e-02	9.8733739787e+01	8.0000000000e+00	8.1026000000e-02	2.8647017026e-02	4.7975227214e-13	1.6961804246e-13
2.7888857954e+08	8	8.1026000000e-02	2.8647017026e-02	9.8733739787e+01	7.8095238095e+00	7.9096809524e-02	2.8711902765e-02	4.7975227214e-13	1.6961804246e-13
2.7888867954e+08	7	7.0897750000e-02	2.6796830716e-02	9.8733739787e+01	7.0000000000e+00	7.0897750000e-02	2.6796830716e-02	4.1978323812e-13	1.5866315037e-13
2.7888877954e+08	4	4.0513000000e-02	2.0256500000e-02	9.8733739787e+01	4.0000000000e+00	4.0513000000e-02	2.0256500000e-02	2.3987613607e-13	1.1993806804e-13
2.7888887954e+08	6	6.0769500000e-02	2.4809044487e-02	9.8733739787e+01	5.8095238095e+00	5.8840309524e-02	2.4883939886e-02	3.5981420411e-13	1.4689353371e-13
2.7888897954e+08	4	4.0513000000e-02	2.0256500000e-02	9.8733739787e+01	4.0000000000e+00	4.0513000000e-02	2.0256500000e-02	2.3987613607e-13	1.1993806804e-13
2.7888907954e+08	6	6.0769500000e-02	2.4809044487e-02	9.8733739787e+01	5.8095238095e+00	5.8840309524e-02	2.4883939886e-02	3.5981420411e-13	1.4689353371e-13
2.7888917954e+08	9	9.1154250000e-02	3.0384750000e-02	9.8733739787e+01	9.0000000000e+00	9.1154250000e-02	3.0384750000e-02	5.3972130616e-13	1.7990710205e-13
2.7888927954e+08	13	1.3166725000e-01	3.6517924706e-02	9.8733739787e+01	1.3000000000e+01	1.3166725000e-01	3.6517924706e-02	7.7959744223e-13	2.1622142709e-13
2.7888937954e+08	10	1.0128250000e-01	3.2028338712e-02	9.8733739787e+01	1.0000000000e+01	1.0128250000e-01	3.2028338712e-02	5.9969034018e-13	1.8963873658e-13
2.7888947954e+08	7	7.0897750000e-02	2.6796830716e-02	9.8733739787e+01	7.0000000000e+00	7.0897750000e-02	2.6796830716e-02	4.1978323812e-13	1.5866315037e-13
2.7888957954e+08	11	1.1141075000e-01	3.3591605033e-02	9.8733739787e+01	1.1000000000e+01	1.1141075000e-01	3.3591605033e-02	6.5965937420e-13	1.9889478488e-13
2.7888967954e+08	10	1.0128250000e-01	3.2028338712e-02	9.8733739787e+01	1.0000000000e+01	1.0128250000e-01	3.2028338712e-02	5.9969034018e-13	1.8963873658e-13
2.7888977954e+08	2	2.0256500000e-02	1.4323508513e-02	9.8733739787e+01	1.8095238095e+00	1.8327309524e-02	1.4452843043e-02	1.1993806804e-13	8.4809021230e-14
2.7888987954e+08	5	5.0641250000e-02	2.2647455493e-02	9.8733739787e+01	5.0000000000e+00	5.0641250000e-02	2.2647455493e-02	2.9984517009e-13	1.3409483661e-13
2.7888997954e+08	5	5.0641250000e-02	2.2647455493e-02	9.8733739787e+01	5.0000000000e+00	5.0641250000e-02	2.2647455493e-02	2.9984517009e-13	1.3409483661e-13
2.7889007954e+08	12	1.2153900000e-01	3.5085287184e-02	9.8733739787e+01	1.2000000000e+01	1.2153900000e-01	3.5085287184e-02	7.1962840821e-13	2.0773882760e-13
2.7889017954e+08	6	6.0769500000e-02	2.4809044487e-02	9.8733739787e+01	6.0000000000e+00	6.0769500000e-02	2.4809044487e-02	3.5981420411e-13	1.4689353371e-13
2.7889027954e+08	6	6.0769500000e-02	2.4809044487e-02	9.8733739787e+01	6.0000000000e+00	6.0769500000e-02	2.4809044487e-02	3.5981420411e-13	1.4689353371e-13
2.7889037954e+08	7	7.0897750000e-02	2.6796830716e-02	9.8733739787e+01	7.0000000000e+00	7.0897750000e-02	2.6796830716e-02	4.1978323812e-13	1.5866315037e-13
2.7889047954e+08	7	7.0897750000e-02	2.6796830716e-02	9.8733739787e+01	7.0000000000e+00	7.0897750000e-02	2.6796830716e-02	4.1978323812e-13	1.5866315037e-13
2.7889057954e+08	9	9.1154250000e-02	3.0384750000e-02	9.8733739787e+01	8.8095238095e+00	8.9225059524e-02	3.0445932544e-02	5.3972130616e-13	1.7990710205e-13
2.7889067954e+08	11	1.1141075000e-01	3.3591605033e-02	9.8733739787e+01	1.1000000000e+01	1.1141075000e-01	3.3591605033e-02	6.5965937420e-13	1.9889478488e-13
2.7889077954e+08	9	9.1154250000e-02	3.0384750000e-02	9.8733739787e+01	9.0000000000e+00	9.1154250000e-02	3.0384750000e-02	5.3972130616e-13	1.7990710205e-13
2.7889087954e+08	6	6.0769500000e-02	2.4809044487e-02	9.8733739787e+01	6.0000000000e+00	6.0769500000e-02	2.4809044487e-02	3.5981420411e-13	1.4689353371e-13
2.7889097954e+08	4	4.0513000000e-02	2.0256500000e-02	9.8733739787e+01	3.8095238095e+00	3.8583809524e-02	2.0348158839e-02	2.3987613607e-13	1.1993806804e-13
2.7889107954e+08	8	8.1026000000e-02	2.8647017026e-02	9.8733739787e+01	8.0000000000e+00	8.1026000000e-02	2.8647017026e-02	4.7975227214e-13	1.6961804246e-13
2.7889117954e+08	7	7.0897750000e-02	2.6796830716e-02	9.8733739787e+01	6.8095238095e+00	6.8968559524e-02	2.6866185295e-02	4.1978323812e-13	1.5866315037e-13
2.7889127954e+08	8	8.1026000000e-02	2.8647017026e-02	9.8733739787e+01	8.0000000000e+00	8.1026000000e-02	2.8647017026e-02	4.7975227214e-13	1.6961804246e-13
2.7889137954e+08	8	8.1026000000e-02	2.8647017026e-02	9.8733739787e+01	8.0000000000e+00	8.1026000000e-02	2.8647017026e-02	4.7975227214e-13	1.6961804246e-13
2.7889147954e+08	7	7.0897750000e-02	2.6796830716e-02	9.8733739787e+01	7.0000000000e+00	7.0897750000e-02	2.6796830716e-02	4.1978323812e-13	1.5866315037e-13
2.7889157954e+08	3	3.0384750000e-02	1.7542643592e-02	9.8733739787e+01	3.0000000000e+00	3.0384750000e-02	1.7542643592e-02	1.7990710205e-13	1.0386941380e-13
2.7889167954e+08	7	7.0897750000e-02	2.6796830716e-02	9.8733739787e+01	7.0000000000e+00	7.0897750000e-02	2.6796830716e-02	4.1978323812e-13	1.5866315037e-13
2.7889177954e+08	10	1.0128250000e-01	3.2028338712e-02	9.8733739787e+01	1.0000000000e+01	1.0128250000e-01	3.2028338712e-02	5.9969034018e-13	1.8963873658e-13
2.7889187954e+08	10	1.0128250000e-01	3.2028338712e-02	9.8733739787e+01	9.8095238095e+00	9.9353309524e-02	3.2086387402e-02	5.9969034018e-13	1.8963873658e-13
2.7889197954e+08	6	6.0769500000e-02	2.4809044487e-02	9.8733739787e+01	6.0000000000e+00	6.0769500000e-02	2.4809044487e-02	3.5981420411e-13	1.4689353371e-13
2.7889207954e+08	10	1.0128250000e-01	3.2028338712e-02	9.8733739787e+01	9.6190476190e+00	9.7424119048e-02	3.2144331264e-02	5.9969034018e-13	1.8963873658e-13
2.7889217954e+08	10	1.0128250000e-01	3.2028338712e-02	9.8733739787e+01	9.8095238095e+00	9.9353309524e-02	3.2086387402e-02	5.9969034018e-13	1.8963873658e-13
2.7889227954e+08	12	1.2153900000e-01	3.5085287184e-02	9.8733739787e+01	1.2000000000e+01	1.2153900000e-01	3.5085287184e-02	7.1962840821e-13	2.0773882760e-13
2.7889237954e+08	15	1.5192375000e-01	3.9226543576e-02	9.8733739787e+01	1.5000000000e+01	1.5192375000e-01	3.9226543576e-02	8.9953551027e-13	2.3225907004e-13
2.7889247954e+08	6	6.0769500000e-02	2.4809044487e-02	9.8733739787e+01	5.6190476190e+00	5.6911119048e-02	2.4958610541e-02	3.5981420411e-13	1.4689353371e-13
2.7889257954e+08	9	9.1154250000e-02	3.0384750000e-02	9.8733739787e+01	9.0000000000e+00	9.1154250000e-02	3.0384750000e-02	5.3972130616e-13	1.7990710205e-13
2.7889267954e+08	8	8.1026000000e-02	2.8647017026e-02	9.8733739787e+01	8.0000000000e+00	8.1026000000e-02	2.8647017026e-02	4.7975227214e-13	1.6961804246e-13
2.7889277954e+08	5	5.0641250000e-02	2.2647455493e-02	9.8733739787e+01	5.0000000000e+00	5.0641250000e-02	2.2647455493e-02	2.9984517009e-13	1.3409483661e-13
2.7889287954e+08	10	1.0128250000e-01	3.2028338712e-02	9.8733739787e+01	1.0000000000e+01	1.0128250000e-01	3.2028338712e-02	5.9969034018e-13	1.8963873658e-13
2.7889297954e+08	8	8.1026000000e-02	2.8647017026e-02	9.8733739787e+01	8.0000000000e+00	8.1026000000e-02	2.8647017026e-02	4.7975227214e-13	1.6961804246e-13
2.7889307954e+08	12	1.2153900000e-01	3.5085287184e-02	9.8733739787e+01	1.2000000000e+01	1.2153900000e-01	3.5085287184e-02	7.1962840821e-13	2.0773882760e-13
2.7889317954e+08	8	8.1026000000e-02	2.8647017026e-02	9.8733739787e+01	7.8095238095e+00	7.9096809524e-02	2.8711902765e-02	4.7975227214e-13	1.6961804246e-13
2.7889327954e+08	11	1.1141075000e-01	3.3591605033e-02	9.8733739787e+01	1.1000000000e+01	1.1141075000e-01	3.3591605033e-02	6.5965937420e-13	1.9889478488e-13
2.7889337954e+08	7	7.0897750000e-02	2.6796830716e-02	9.8733739787e+01	7.0000000000e+00	7.0897750000e-02	2.6796830716e-02	4.1978323812e-13	1.5866315037e-13
2.7889347954e+08	7	7.0897750000e-02	2.6796830716e-02	9.8733739787e+01	7.0000000000e+00	7.0897750000e-02	2.6796830716e-02	4.1978323812e-13	1.5866315037e-13
2.7889357954e+08	10	1.0128250000e-01	3.2028338712e-02	9.8733739787e+01	1.0000000000e+01	1.0128250000e-01	3.2028338712e-02	5.9969034018e-13	1.8963873658e-13
2.7889367954e+08	9	9.1154250000e-02	3.0384750000e-02	9.8733739787e+01	9.0000000000e+00	9.1154250000e-02	3.0384750000e-02	5.3972130616e-13	1.7990710205e-13
2.7889377954e+08	10	1.0128250000e-01	3.2028338712e-02	9.8733739787e+01	1.0000000000e+01	1.0128250000e-01	3.2028338712e-02	5.9969034018e-13	1.8963873658e-13
2.7889387954e+08	10	1.0128250000e-01	3.2028338712e-02	9.8733739787e+01	1.0000000000e+01	1.0128250000e-01	3.2028338712e-02	5.9969034018e-13	1.8963873658e-13
2.7889397954e+08	4	4.0513000000e-02	2.0256500000e-02	9.8733739787e+01	4.0000000000e+00	4.0513000000e-02	2.0256500000e-02	2.3987613607e-13	1.1993806804e-13
2.7889407954e+08	8	8.1026000000e-02	2.8647017026e-02	9.8733739787e+01	8.0000000000e+00	8.1026000000e-02	2.8647017026e-02	4.7975227214e-13	1.6961804246e-13
2.7889417954e+08	10	1.0128250000e-01	3.2028338712e-02	9.8733739787e+01	1.0000000000e+01	1.0128250000e-01	3.2028338712e-02	5.9969034018e-13	1.8963873658e-13
2.7889427954e+08	17	1.7218025000e-01	4.1759844553e-02	9.8733739787e+01	1.7000000000e+01	1.7218025000e-01	4.1759844553e-02	1.0194735783e-12	2.4725866152e-13
2.7889437954e+08	9	9.1154250000e-02	3.0384750000e-02	9.8733739787e+01	8.8095238095e+00	8.9225059524e-02	3.0445932544e-02	5.3972130616e-13	1.7990710205e-13
2.7889447954e+08	5	5.0641250000e-02	2.2647455493e-02	9.8733739787e+01	5.0000000000e+00	5.0641250000e-02	2.2647455493e-02	2.9984517009e-13	1.3409483661e-13
2.7889457954e+08	14	1.4179550000e-01	3.7896441428e-02	9.8733739787e+01	1.4000000000e+01	1.4179550000e-01	3.7896441428e-02	8.3956647625e-13	2.2438357911e-13
2.7889467954e+08	4	4.0513000000e-02	2.0256500000e-02	9.8733739787e+01	3.8095238095e+00	3.8583809524e-02	2.0348158839e-02	2.3987613607e-13	1.1993806804e-13
2.7889477954e+08	10	1.0128250000e-01	3.2028338712e-02	9.8733739787e+01	1.0000000000e+01	1.0128250000e-01	3.2028338712e-02	5.9969034018e-13	1.8963873658e-13
2.7889487954e+08	4	4.0513000000e-02	2.0256500000e-02	9.8733739787e+01	4.0000000000e+00	4.0513000000e-02	2.0256500000e-02	2.3987613607e-13	1.1993806804e-13
2.7889497954e+08	8	8.1026000000e-02	2.8647017026e-02	9.8733739787e+01	8.0000000000e+00	8.1026000000e-02	2.8647017026e-02	4.7975227214e-13	1.6961804246e-13
2.7889507954e+08	6	6.0769500000e-02	2.4809044487e-02	9.8733739787e+01	6.0000000000e+00	6.0769500000e-02	2.4809044487e-02	3.5981420411e-13	1.4689353371e-13
2.7889517954e+08	12	1.2153900000e-01	3.5085287184e-02	9.8733739787e+01	1.2000000000e+01	1.2153900000e-01	3.5085287184e-02	7.1962840821e-13	2.0773882760e-13
2.7889527954e+08	9	9.1154250000e-02	3.0384750000e-02	9.8733739787e+01	9.0000000000e+00	9.1154250000e-02	3.0384750000e-02	5.3972130616e-13	1.7990710205e-13
2.7889537954e+08	10	1.0128250000e-01	3.2028338712e-02	9.8733739787e+01	1.0000000000e+01	1.0128250000e-01	3.2028338712e-02	5.9969034018e-13	1.8963873658e-13
2.7889547954e+08	16	1.6205200000e-01	4.0513000000e-02	9.8733739787e+01	1.6000000000e+01	1.6205200000e-01	4.0513000000e-02	9.5950454428e-13	2.3987613607e-13
2.7889557954e+08	19	1.9243675000e-01	4.4148018225e-02	9.8733739787e+01	1.9000000000e+01	1.9243675000e-01	4.4148018225e-02	1.1394116463e-12	2.6139895903e-13
2.7889567954e+08	12	1.2153900000e-01	3.5085287184e-02	9.8733739787e+01	1.2000000000e+01	1.2153900000e-01	3.5085287184e-02	7.1962840821e-13	2.0773882760e-13
2.7889577954e+08	10	1.0128250000e-01	3.2028338712e-02	9.8733739787e+01	9.8095238095e+00	9.9353309524e-02	3.2086387402e-02	5.9969034018e-13	1.8963873658e-13
2.7889587954e+08	15	1.5192375000e-01	3.9226543576e-02	9.8733739787e+01	1.5000000000e+01	1.5192375000e-01	3.9226543576e-02	8.9953551027e-13	2.3225907004e-13
2.7889597954e+08	14	1.4179550000e-01	3.7896441428e-02	9.8733739787e+01	1.4000000000e+01	1.4179550000e-01	3.7896441428e-02	8.3956647625e-13	2.2438357911e-13
2.7889607954e+08	13	1.3166725000e-01	3.6517924706e-02	9.8733739787e+01	1.3000000000e+01	1.3166725000e-01	3.6517924706e-02	7.7959744223e-13	2.1622142709e-13
2.7889617954e+08	10	1.0128250000e-01	3.2028338712e-02	9.8733739787e+01	1.0000000000e+01	1.0128250000e-01	3.2028338712e-02	5.9969034018e-13	1.8963873658e-13
2.7889627954e+08	13	1.3166725000e-01	3.6517924706e-02	9.8733739787e+01	1.3000000000e+01	1.3166725000e-01	3.6517924706e-02	7.7959744223e-13	2.1622142709e-13
2.7889637954e+08	7	7.0897750000e-02	2.6796830716e-02	9.8733739787e+01	7.0000000000e+00	7.0897750000e-02	2.6796830716e-02	4.1978323812e-13	1.5866315037e-13
2.7889647954e+08	7	7.0897750000e-02	2.6796830716e-02	9.8733739787e+01	6.8095238095e+00	6.8968559524e-02	2.6866185295e-02	4.1978323812e-13	1.5866315037e-13
2.7889657954e+08	5	5.0641250000e-02	2.2647455493e-02	9.8733739787e+01	5.0000000000e+00	5.0641250000e-02	2.2647455493e-02	2.9984517009e-13	1.3409483661e-13
2.7889667954e+08	11	1.1141075000e-01	3.3591605033e-02	9.8733739787e+01	1.1000000000e+01	1.1141075000e-01	3.3591605033e-02	6.5965937420e-13	1.9889478488e-13
2.7889677954e+08	7	7.0897750000e-02	2.6796830716e-02	9.8733739787e+01	7.0000000000e+00	7.0897750000e-02	2.6796830716e-02	4.1978323812e-13	1.5866315037e-13
2.7889687954e+08	10	1.0128250000e-01	3.2028338712e-02	9.8733739787e+01	9.8095238095e+00	9.9353309524e-02	3.2086387402e-02	5.9969034018e-13	1.8963873658e-13
2.7889697954e+08	10	1.0128250000e-01	3.2028338712e-02	9.8733739787e+01	1.0000000000e+01	1.0128250000e-01	3.2028338712e-02	5.9969034018e-13	1.8963873658e-13
2.7889707954e+08	6	6.0769500000e-02	2.4809044487e-02	9.8733739787e+01	6.0000000000e+00	6.0769500000e-02	2.4809044487e-02	3.5981420411e-13	1.4689353371e-13
2.7889717954e+08	10	1.0128250000e-01	3.2028338712e-02	9.8733739787e+01	1.0000000000e+01	1.0128250000e-01	3.2028338712e-02	5.9969034018e-13	1.8963873658e-13
2.7889727954e+08	7	7.0897750000e-02	2.6796830716e-02	9.8733739787e+01	7.0000000000e+00	7.0897750000e-02	2.6796830716e-02	4.1978323812e-13	1.5866315037e-13
2.7889737954e+08	15	1.5192375000e-01	3.9226543576e-02	9.8733739787e+01	1.5000000000e+01	1.5192375000e-01	3.9226543576e-02	8.9953551027e-13	2.3225907004e-13
2.7889747954e+08	12	1.2153900000e-01	3.5085287184e-02	9.8733739787e+01	1.2000000000e+01	1.2153900000e-01	3.5085287184e-02	7.1962840821e-13	2.0773882760e-13
2.7889757954e+08	13	1.3166725000e-01	3.6517924706e-02	9.8733739787e+01	1.3000000000e+01	1.3166725000e-01	3.6517924706e-02	7.7959744223e-13	2.1622142709e-13
2.7889767954e+08	10	1.0128250000e-01	3.2028338712e-02	9.8733739787e+01	1.0000000000e+01	1.0128250000e-01	3.2028338712e-02	5.9969034018e-13	1.8963873658e-13
2.7889777954e+08	9	9.1154250000e-02	3.0384750000e-02	9.8733739787e+01	8.6190476190e+00	8.7295869048e-02	3.0506992385e-02	5.3972130616e-13	1.7990710205e-13
2.7889787954e+08	8	8.1026000000e-02	2.8647017026e-02	9.8733739787e+01	8.0000000000e+00	8.1026000000e-02	2.8647017026e-02	4.7975227214e-13	1.6961804246e-13
2.7889797954e+08	16	1.6205200000e-01	4.0513000000e-02	9.8733739787e+01	1.6000000000e+01	1.6205200000e-01	4.0513000000e-02	9.5950454428e-13	2.3987613607e-13
2.7889807954e+08	16	1.6205200000e-01	4.0513000000e-02	9.8733739787e+01	1.6000000000e+01	1.6205200000e-01	4.0513000000e-02	9.5950454428e-13	2.3987613607e-13
2.7889817954e+08	3	3.0384750000e-02	1.7542643592e-02	9.8733739787e+01	3.0000000000e+00	3.0384750000e-02	1.7542643592e-02	1.7990710205e-13	1.0386941380e-13
2.7889827954e+08	11	1.1141075000e-01	3.3591605033e-02	9.8733739787e+01	1.0809523810e+01	1.0948155952e-01	3.3646956840e-02	6.5965937420e-13	1.9889478488e-13
2.7889837954e+08	11	1.1141075000e-01	3.3591605033e-02	9.8733739787e+01	1.1000000000e+01	1.1141075000e-01	3.3591605033e-02	6.5965937420e-13	1.9889478488e-13
2.7889847954e+08	8	8.1026000000e-02	2.8647017026e-02	9.8733739787e+01	8.0000000000e+00	8.1026000000e-02	2.8647017026e-02	4.7975227214e-13	1.6961804246e-13
2.7889857954e+08	8	8.1026000000e-02	2.8647017026e-02	9.8733739787e+01	8.0000000000e+00	8.1026000000e-02	2.8647017026e-02	4.7975227214e-13	1.6961804246e-13
2.7889867954e+08	13	1.3166725000e-01	3.6517924706e-02	9.8733739787e+01	1.2809523810e+01	1.2973805952e-01	3.6568847407e-02	7.7959744223e-13	2.1622142709e-13
2.7889877954e+08	7	7.0897750000e-02	2.6796830716e-02	9.8733739787e+01	7.0000000000e+00	7.0897750000e-02	2.6796830716e-02	4.1978323812e-13	1.5866315037e-13
2.7889887954e+08	13	1.3166725000e-01	3.6517924706e-02	9.8733739787e+01	1.3000000000e+01	1.3166725000e-01	3.6517924706e-02	7.7959744223e-13	2.1622142709e-13
2.7889897954e+08	12	1.2153900000e-01	3.5085287184e-02	9.8733739787e+01	1.1619047619e+01	1.1768061905e-01	3.5191205273e-02	7.1962840821e-13	2.0773882760e-13
2.7889907954e+08	12	1.2153900000e-01	3.5085287184e-02	9.8733739787e+01	1.2000000000e+01	1.2153900000e-01	3.5085287184e-02	7.1962840821e-13	2.0773882760e-13
2.7889917954e+08	4	4.0513000000e-02	2.0256500000e-02	9.8733739787e+01	3.8095238095e+00	3.8583809524e-02	2.0348158839e-02	2.3987613607e-13	1.1993806804e-13
2.7889927954e+08	11	1.1141075000e-01	3.3591605033e-02	9.8733739787e+01	1.1000000000e+01	1.1141075000e-01	3.3591605033e-02	6.5965937420e-13	1.9889478488e-13
2.7889937954e+08	13	1.3166725000e-01	3.6517924706e-02	9.8733739787e+01	1.2809523810e+01	1.2973805952e-01	3.6568847407e-02	7.7959744223e-13	2.1622142709e-13
2.7889947954e+08	9	9.1154250000e-02	3.0384750000e-02	9.8733739787e+01	9.0000000000e+00	9.1154250000e-02	3.0384750000e-02	5.3972130616e-13	1.7990710205e-13
2.7889957954e+08	10	1.0128250000e-01	3.2028338712e-02	9.8733739787e+01	1.0000000000e+01	1.0128250000e-01	3.2028338712e-02	5.9969034018e-13	1.8963873658e-13
2.7889967954e+08	10	1.0128250000e-01	3.2028338712e-02	9.8733739787e+01	9.8095238095e+00	9.9353309524e-02	3.2086387402e-02	5.9969034018e-13	1.8963873658e-13
2.7889977954e+08	17	1.7218025000e-01	4.1759844553e-02	9.8733739787e+01	1.7000000000e+01	1.7218025000e-01	4.1759844553e-02	1.0194735783e-12	2.4725866152e-13
2.7889987954e+08	12	1.2153900000e-01	3.5085287184e-02	9.8733739787e+01	1.2000000000e+01	1.2153900000e-01	3.5085287184e-02	7.1962840821e-13	2.0773882760e-13
2.7889997954e+08	4	4.0513000000e-02	2.0256500000e-02	9.8733739787e+01	4.0000000000e+00	4.0513000000e-02	2.0256500000e-02	2.3987613607e-13	1.1993806804e-13
2.7890007954e+08	11	1.1141075000e-01	3.3591605033e-02	9.8733739787e+01	1.1000000000e+01	1.1141075000e-01	3.3591605033e-02	6.5965937420e-13	1.9889478488e-13
2.7890017954e+08	8	8.1026000000e-02	2.8647017026e-02	9.8733739787e+01	8.0000000000e+00	8.1026000000e-02	2.8647017026e-02	4.7975227214e-13	1.6961804246e-13
2.7890027954e+08	10	1.0128250000e-01	3.2028338712e-02	9.8733739787e+01	1.0000000000e+01	1.0128250000e-01	3.2028338712e-02	5.9969034018e-13	1.8963873658e-13
2.7890037954e+08	15	1.5192375000e-01	3.9226543576e-02	9.8733739787e+01	1.5000000000e+01	1.5192375000e-01	3.9226543576e-02	8.9953551027e-13	2.3225907004e-13
2.7890047954e+08	15	1.5192375000e-01	3.9226543576e-02	9.8733739787e+01	1.5000000000e+01	1.5192375000e-01	3.9226543576e-02	8.9953551027e-13	2.3225907004e-13
2.7890057954e+08	15	1.5192375000e-01	3.9226543576e-02	9.8733739787e+01	1.4809523810e+01	1.4999455952e-01	3.9273954433e-02	8.9953551027e-13	2.3225907004e-13
2.7890067954e+08	18	1.8230850000e-01	4.2970525539e-02	9.8733739787e+01	1.8000000000e+01	1.8230850000e-01	4.2970525539e-02	1.0794426123e-12	2.5442706369e-13
2.7890077954e+08	9	9.1154250000e-02	3.0384750000e-02	9.8733739787e+01	9.0000000000e+00	9.1154250000e-02	3.0384750000e-02	5.3972130616e-13	1.7990710205e-13
2.7890087954e+08	8	8.1026000000e-02	2.8647017026e-02	9.8733739787e+01	7.8095238095e+00	7.9096809524e-02	2.8711902765e-02	4.7975227214e-13	1.6961804246e-13
2.7890097954e+08	2	5.9235060287e-02	4.1885512813e-02	3.3763787701e+01	2.0000000000e+00	5.9235060287e-02	4.1885512813e-02	3.5072883720e-13	2.4800273914e-13
2.7890107954e+08	0	0.0000000000e+00	0.0000000000e+00	0.0000000000e+00	nan	0.0000000000e+00	nan	0.0000000000e+00	0.0000000000e+00
2.7890117954e+08	0	0.0000000000e+00	0.0000000000e+00	0.0000000000e+00	nan	0.0000000000e+00	nan	0.0000000000e+00	0.0000000000e+00
2.7890127954e+08	0	0.0000000000e+00	0.0000000000e+00	0.0000000000e+00	nan	0.0000000000e+00	nan	0.0000000000e+00	0.0000000000e+00
2.7890137954e+08	0	0.0000000000e+00	0.0000000000e+00	0.0000000000e+00	nan	0.0000000000e+00	nan	0.0000000000e+00	0.0000000000e+00
2.7890147954e+08	0	0.0000000000e+00	0.0000000000e+00	0.0000000000e+00	nan	0.0000000000e+00	nan	0.0000000000e+00	0.0000000000e+00
2.7890157954e+08	0	0.0000000000e+00	0.0000000000e+00	0.0000000000e+00	nan	0.0000000000e+00	nan	0.0000000000e+00	0.0000000000e+00
2.7890167954e+08	0	0.0000000000e+00	0.0000000000e+00	0.0000000000e+00	nan	0.0000000000e+00	nan	0.0000000000e+00	0.0000000000e+00
2.7890177954e+08	0	0.0000000000e+00	0.0000000000e+00	0.0000000000e+00	nan	0.0000000000e+00	nan	0.0000000000e+00	0.0000000000e+00
2.7890187954e+08	0	0.0000000000e+00	0.0000000000e+00	0.0000000000e+00	nan	0.0000000000e+00	nan	0.0000000000e+00	0.0000000000e+00
