# Columns: dt, t_raw, mjd, phase, counts, rate, rate_err, flux_t
# 
0.000000000000000000e+00 4.000866498006399870e+08 5.544463252084074338e+04 9.681458731165548670e-01 0.000000000000000000e+00 0.000000000000000000e+00 0.000000000000000000e+00 0.000000000000000000e+00
1.000000000000000000e+02 4.000867498006399870e+08 5.544463367824814486e+04 9.689431229194269690e-01 0.000000000000000000e+00 0.000000000000000000e+00 0.000000000000000000e+00 0.000000000000000000e+00
2.000000000000000000e+02 4.000868498006399870e+08 5.544463483565555362e+04 9.697403727273012919e-01 0.000000000000000000e+00 0.000000000000000000e+00 0.000000000000000000e+00 0.000000000000000000e+00
3.000000000000000000e+02 4.000869498006399870e+08 5.544463599306296237e+04 9.705376225356303621e-01 0.000000000000000000e+00 0.000000000000000000e+00 0.000000000000000000e+00 0.000000000000000000e+00
4.000000000000000000e+02 4.000870498006399870e+08 5.544463715047037113e+04 9.713348723435046850e-01 0.000000000000000000e+00 0.000000000000000000e+00 0.000000000000000000e+00 0.000000000000000000e+00
5.000000000000000000e+02 4.000871498006399870e+08 5.544463830787777988e+04 9.721321221513790078e-01 0.000000000000000000e+00 0.000000000000000000e+00 0.000000000000000000e+00 0.000000000000000000e+00
6.000000000000000000e+02 4.000872498006399870e+08 5.544463946528518863e+04 9.729293719592533307e-01 0.000000000000000000e+00 0.000000000000000000e+00 0.000000000000000000e+00 0.000000000000000000e+00
7.000000000000000000e+02 4.000873498006399870e+08 5.544464062269259011e+04 9.737266217625801801e-01 0.000000000000000000e+00 0.000000000000000000e+00 0.000000000000000000e+00 0.000000000000000000e+00
8.000000000000000000e+02 4.000874498006399870e+08 5.544464178009999887e+04 9.745238715704545029e-01 0.000000000000000000e+00 0.000000000000000000e+00 0.000000000000000000e+00 0.000000000000000000e+00
9.000000000000000000e+02 4.000875498006399870e+08 5.544464293750740762e+04 9.753211213783288258e-01 0.000000000000000000e+00 0.000000000000000000e+00 0.000000000000000000e+00 0.000000000000000000e+00
1.000000000000000000e+03 4.000876498006399870e+08 5.544464409491481638e+04 9.761183711862031487e-01 0.000000000000000000e+00 0.000000000000000000e+00 0.000000000000000000e+00 0.000000000000000000e+00
1.100000000000000000e+03 4.000877498006399870e+08 5.544464525232222513e+04 9.769156209945322189e-01 0.000000000000000000e+00 0.000000000000000000e+00 0.000000000000000000e+00 0.000000000000000000e+00
1.200000000000000000e+03 4.000878498006399870e+08 5.544464640972962661e+04 9.777128707974043209e-01 0.000000000000000000e+00 0.000000000000000000e+00 0.000000000000000000e+00 0.000000000000000000e+00
1.300000000000000000e+03 4.000879498006399870e+08 5.544464756713703537e+04 9.785101206052786438e-01 0.000000000000000000e+00 0.000000000000000000e+00 0.000000000000000000e+00 0.000000000000000000e+00
1.400000000000000000e+03 4.000880498006399870e+08 5.544464872454444412e+04 9.793073704131529666e-01 0.000000000000000000e+00 0.000000000000000000e+00 0.000000000000000000e+00 0.000000000000000000e+00
1.500000000000000000e+03 4.000881498006399870e+08 5.544464988195185288e+04 9.801046202214820369e-01 0.000000000000000000e+00 0.000000000000000000e+00 0.000000000000000000e+00 0.000000000000000000e+00
1.600000000000000000e+03 4.000882498006399870e+08 5.544465103935926163e+04 9.809018700293563597e-01 1.000000000000000000e+01 1.950612533166100060e-01 6.168378437275000292e-02 2.087428496242370170e-12
1.700000000000000000e+03 4.000883498006399870e+08 5.544465219676666311e+04 9.816991198322284617e-01 2.000000000000000000e+01 2.025649999999999951e-01 4.529491098622000222e-02 2.167729090999999860e-12
1.800000000000000000e+03 4.000884498006399870e+08 5.544465335417407186e+04 9.824963696401027846e-01 1.600000000000000000e+01 1.620520000000000016e-01 4.051300000000000040e-02 1.734183272799999929e-12
1.900000000000000000e+03 4.000885498006399870e+08 5.544465451158148062e+04 9.832936194484318548e-01 2.000000000000000000e+01 2.025649999999999951e-01 4.529491098622000222e-02 2.167729090999999860e-12
2.000000000000000000e+03 4.000886498006399870e+08 5.544465566898888937e+04 9.840908692563061777e-01 1.700000000000000000e+01 1.721802500000000069e-01 4.175984455265999845e-02 1.842569727350000063e-12
2.100000000000000000e+03 4.000887498006399870e+08 5.544465682639629813e+04 9.848881190641805006e-01 2.100000000000000000e+01 2.126932500000000004e-01 4.641347228243999923e-02 2.276115545549999793e-12
2.200000000000000000e+03 4.000888498006399870e+08 5.544465798380369961e+04 9.856853688670526026e-01 2.000000000000000000e+01 2.025649999999999951e-01 4.529491098622000222e-02 2.167729090999999860e-12
2.300000000000000000e+03 4.000889498006399870e+08 5.544465914121110836e+04 9.864826186753816728e-01 1.200000000000000000e+01 1.215389999999999943e-01 3.508528718351999753e-02 1.300637454599999795e-12
2.400000000000000000e+03 4.000890498006399870e+08 5.544466029861851712e+04 9.872798684832559957e-01 1.800000000000000000e+01 1.823085000000000122e-01 4.297052553932000085e-02 1.950956181899999995e-12
2.500000000000000000e+03 4.000891498006399870e+08 5.544466145602592587e+04 9.880771182911303185e-01 2.300000000000000000e+01 2.329497500000000110e-01 4.857338062599000222e-02 2.492888454650000062e-12
2.600000000000000000e+03 4.000892498006399870e+08 5.544466261343333463e+04 9.888743680990046414e-01 2.100000000000000000e+01 2.126932500000000004e-01 4.641347228243999923e-02 2.276115545549999793e-12
2.700000000000000000e+03 4.000893498006399870e+08 5.544466377084074338e+04 9.896716179073337116e-01 1.900000000000000000e+01 1.924367499999999898e-01 4.414801822492000344e-02 2.059342636449999928e-12
2.800000000000000000e+03 4.000894498006399870e+08 5.544466492824814486e+04 9.904688677102058136e-01 2.000000000000000000e+01 2.025649999999999951e-01 4.529491098622000222e-02 2.167729090999999860e-12
2.900000000000000000e+03 4.000895498006399870e+08 5.544466608565555362e+04 9.912661175180801365e-01 1.800000000000000000e+01 1.823085000000000122e-01 4.297052553932000085e-02 1.950956181899999995e-12
3.000000000000000000e+03 4.000896498006399870e+08 5.544466724306296237e+04 9.920633673264092067e-01 1.700000000000000000e+01 1.721802500000000069e-01 4.175984455265999845e-02 1.842569727350000063e-12
3.100000000000000000e+03 4.000897498006399870e+08 5.544466840047037113e+04 9.928606171342835296e-01 1.700000000000000000e+01 1.721802500000000069e-01 4.175984455265999845e-02 1.842569727350000063e-12
3.200000000000000000e+03 4.000898498006399870e+08 5.544466955787777988e+04 9.936578669421578525e-01 2.100000000000000000e+01 2.126932500000000004e-01 4.641347228243999923e-02 2.276115545549999793e-12
3.300000000000000000e+03 4.000899498006399870e+08 5.544467071528518863e+04 9.944551167500321753e-01 2.100000000000000000e+01 2.126932500000000004e-01 4.641347228243999923e-02 2.276115545549999793e-12
3.400000000000000000e+03 4.000900498006399870e+08 5.544467187269259011e+04 9.952523665533590247e-01 2.500000000000000000e+01 2.532062500000000216e-01 5.064124999999999877e-02 2.709661363750000330e-12
3.500000000000000000e+03 4.000901498006399870e+08 5.544467303009999887e+04 9.960496163612333476e-01 2.200000000000000000e+01 2.228215000000000057e-01 4.750570341943000097e-02 2.384502000100000129e-12
3.600000000000000000e+03 4.000902498006399870e+08 5.544467418750740762e+04 9.968468661691076704e-01 1.500000000000000000e+01 1.519237499999999963e-01 3.922654357622999688e-02 1.625796818249999996e-12
3.700000000000000000e+03 4.000903498006399870e+08 5.544467534491481638e+04 9.976441159769819933e-01 1.500000000000000000e+01 1.519237499999999963e-01 3.922654357622999688e-02 1.625796818249999996e-12
3.800000000000000000e+03 4.000904498006399870e+08 5.544467650232222513e+04 9.984413657853110635e-01 9.000000000000000000e+00 9.115425000000000610e-02 3.038474999999999857e-02 9.754780909499999977e-13
3.900000000000000000e+03 4.000905498006399870e+08 5.544467765972962661e+04 9.992386155881831655e-01 1.800000000000000000e+01 1.823085000000000122e-01 4.297052553932000085e-02 1.950956181899999995e-12
4.000000000000000000e+03 4.000906498006399870e+08 5.544467881713703537e+04 3.586539605748839676e-05 1.200000000000000000e+01 1.215389999999999943e-01 3.508528718351999753e-02 1.300637454599999795e-12
4.100000000000000000e+03 4.000907498006399870e+08 5.544467997454444412e+04 8.331152039318112656e-04 2.300000000000000000e+01 2.329497500000000110e-01 4.857338062599000222e-02 2.492888454650000062e-12
4.200000000000000000e+03 4.000908498006399870e+08 5.544468113195185288e+04 1.630365012260881485e-03 8.000000000000000000e+00 8.102600000000000080e-02 2.864701702620999976e-02 8.670916363999999643e-13
4.300000000000000000e+03 4.000909498006399870e+08 5.544468228935926163e+04 2.427614820135204354e-03 1.900000000000000000e+01 1.924367499999999898e-01 4.414801822492000344e-02 2.059342636449999928e-12
4.400000000000000000e+03 4.000910498006399870e+08 5.544468344676666311e+04 3.224864623007306363e-03 2.000000000000000000e+01 2.025649999999999951e-01 4.529491098622000222e-02 2.167729090999999860e-12
4.500000000000000000e+03 4.000911498006399870e+08 5.544468460417407186e+04 4.022114430881629232e-03 1.900000000000000000e+01 1.924367499999999898e-01 4.414801822492000344e-02 2.059342636449999928e-12
4.600000000000000000e+03 4.000912498006399870e+08 5.544468576158148062e+04 4.819364239210699452e-03 1.200000000000000000e+01 1.215389999999999943e-01 3.508528718351999753e-02 1.300637454599999795e-12
4.700000000000000000e+03 4.000913498006399870e+08 5.544468691898888937e+04 5.616614047085022321e-03 1.900000000000000000e+01 1.924367499999999898e-01 4.414801822492000344e-02 2.059342636449999928e-12
4.800000000000000000e+03 4.000914498006399870e+08 5.544468807639629813e+04 6.413863854959345190e-03 1.600000000000000000e+01 1.620520000000000016e-01 4.051300000000000040e-02 1.734183272799999929e-12
4.900000000000000000e+03 4.000915498006399870e+08 5.544468923380369961e+04 7.211113657831447199e-03 2.000000000000000000e+01 2.025649999999999951e-01 4.529491098622000222e-02 2.167729090999999860e-12
5.000000000000000000e+03 4.000916498006399870e+08 5.544469039121110836e+04 8.008363466160517419e-03 2.000000000000000000e+01 2.025649999999999951e-01 4.529491098622000222e-02 2.167729090999999860e-12
5.100000000000000000e+03 4.000917498006399870e+08 5.544469154861851712e+04 8.805613274034840288e-03 1.600000000000000000e+01 1.620520000000000016e-01 4.051300000000000040e-02 1.734183272799999929e-12
5.200000000000000000e+03 4.000918498006399870e+08 5.544469270602592587e+04 9.602863081909163157e-03 1.300000000000000000e+01 1.316672500000000134e-01 3.651792470571999655e-02 1.409023909150000131e-12
5.300000000000000000e+03 4.000919498006399870e+08 5.544469386343333463e+04 1.040011288978348603e-02 6.000000000000000000e+00 6.076949999999999713e-02 2.480904448734000053e-02 6.503187272999998975e-13
5.400000000000000000e+03 4.000920498006399870e+08 5.544469502084074338e+04 1.119736269811255625e-02 1.000000000000000000e+01 1.012824999999999975e-01 3.202833871159999762e-02 1.083864545499999930e-12
5.500000000000000000e+03 4.000921498006399870e+08 5.544469617824814486e+04 1.199461250098465825e-02 9.000000000000000000e+00 9.115425000000000610e-02 3.038474999999999857e-02 9.754780909499999977e-13
5.600000000000000000e+03 4.000922498006399870e+08 5.544469733565555362e+04 1.279186230885898112e-02 1.400000000000000000e+01 1.417954999999999910e-01 3.789644142759000106e-02 1.517410363699999862e-12
5.700000000000000000e+03 4.000923498006399870e+08 5.544469849306296237e+04 1.358911211673330399e-02 7.000000000000000000e+00 7.089774999999999550e-02 2.679683071629000018e-02 7.587051818499999309e-13
5.800000000000000000e+03 4.000924498006399870e+08 5.544469965047037113e+04 1.438636192506237421e-02 1.200000000000000000e+01 1.215389999999999943e-01 3.508528718351999753e-02 1.300637454599999795e-12
5.900000000000000000e+03 4.000925498006399870e+08 5.544470080787777988e+04 1.518361173293669708e-02 1.100000000000000000e+01 1.114107500000000028e-01 3.359160503291999667e-02 1.192251000050000065e-12
6.000000000000000000e+03 4.000926498006399870e+08 5.544470196528518863e+04 1.598086154081101995e-02 1.200000000000000000e+01 1.215389999999999943e-01 3.508528718351999753e-02 1.300637454599999795e-12
6.100000000000000000e+03 4.000927498006399870e+08 5.544470312269259011e+04 1.677811134413786931e-02 1.400000000000000000e+01 1.417954999999999910e-01 3.789644142759000106e-02 1.517410363699999862e-12
6.200000000000000000e+03 4.000928498006399870e+08 5.544470428009999887e+04 1.757536115201219218e-02 1.200000000000000000e+01 1.215389999999999943e-01 3.508528718351999753e-02 1.300637454599999795e-12
6.300000000000000000e+03 4.000929498006399870e+08 5.544470543750740762e+04 1.837261095988651505e-02 1.600000000000000000e+01 1.620520000000000016e-01 4.051300000000000040e-02 1.734183272799999929e-12
6.400000000000000000e+03 4.000930498006399870e+08 5.544470659491481638e+04 1.916986076776083792e-02 2.000000000000000000e+01 2.025649999999999951e-01 4.529491098622000222e-02 2.167729090999999860e-12
6.500000000000000000e+03 4.000931498006399870e+08 5.544470775232222513e+04 1.996711057608990814e-02 1.900000000000000000e+01 1.924367499999999898e-01 4.414801822492000344e-02 2.059342636449999928e-12
6.600000000000000000e+03 4.000932498006399870e+08 5.544470890972962661e+04 2.076436037896201015e-02 1.600000000000000000e+01 1.620520000000000016e-01 4.051300000000000040e-02 1.734183272799999929e-12
6.700000000000000000e+03 4.000933498006399870e+08 5.544471006713703537e+04 2.156161018683633301e-02 1.400000000000000000e+01 1.417954999999999910e-01 3.789644142759000106e-02 1.517410363699999862e-12
6.800000000000000000e+03 4.000934498006399870e+08 5.544471122454444412e+04 2.235885999471065588e-02 1.100000000000000000e+01 1.114107500000000028e-01 3.359160503291999667e-02 1.192251000050000065e-12
6.900000000000000000e+03 4.000935498006399870e+08 5.544471238195185288e+04 2.315610980303972610e-02 2.000000000000000000e+01 2.025649999999999951e-01 4.529491098622000222e-02 2.167729090999999860e-12
7.000000000000000000e+03 4.000936498006399870e+08 5.544471353935926163e+04 2.395335961091404897e-02 1.700000000000000000e+01 1.721802500000000069e-01 4.175984455265999845e-02 1.842569727350000063e-12
7.100000000000000000e+03 4.000937498006399870e+08 5.544471469676666311e+04 2.475060941378615098e-02 1.800000000000000000e+01 1.823085000000000122e-01 4.297052553932000085e-02 1.950956181899999995e-12
7.200000000000000000e+03 4.000938498006399870e+08 5.544471585417407186e+04 2.554785922166047385e-02 2.000000000000000000e+01 2.025649999999999951e-01 4.529491098622000222e-02 2.167729090999999860e-12
7.300000000000000000e+03 4.000939498006399870e+08 5.544471701158148062e+04 2.634510902998954407e-02 1.800000000000000000e+01 1.823085000000000122e-01 4.297052553932000085e-02 1.950956181899999995e-12
7.400000000000000000e+03 4.000940498006399870e+08 5.544471816898888937e+04 2.714235883786386694e-02 1.700000000000000000e+01 1.721802500000000069e-01 4.175984455265999845e-02 1.842569727350000063e-12
7.500000000000000000e+03 4.000941498006399870e+08 5.544471932639629813e+04 2.793960864573818981e-02 1.600000000000000000e+01 1.620520000000000016e-01 4.051300000000000040e-02 1.734183272799999929e-12
7.600000000000000000e+03 4.000942498006399870e+08 5.544472048380369961e+04 2.873685844861029182e-02 1.100000000000000000e+01 1.114107500000000028e-01 3.359160503291999667e-02 1.192251000050000065e-12
7.700000000000000000e+03 4.000943498006399870e+08 5.544472164121110836e+04 2.953410825693936204e-02 2.200000000000000000e+01 2.228215000000000057e-01 4.750570341943000097e-02 2.384502000100000129e-12
7.800000000000000000e+03 4.000944498006399870e+08 5.544472279861851712e+04 3.033135806481368490e-02 1.500000000000000000e+01 1.519237499999999963e-01 3.922654357622999688e-02 1.625796818249999996e-12
7.900000000000000000e+03 4.000945498006399870e+08 5.544472395602592587e+04 3.112860787268800777e-02 1.400000000000000000e+01 1.417954999999999910e-01 3.789644142759000106e-02 1.517410363699999862e-12
8.000000000000000000e+03 4.000946498006399870e+08 5.544472511343333463e+04 3.192585768056233064e-02 2.100000000000000000e+01 2.126932500000000004e-01 4.641347228243999923e-02 2.276115545549999793e-12
8.100000000000000000e+03 4.000947498006399870e+08 5.544472627084074338e+04 3.272310748889140086e-02 1.500000000000000000e+01 1.519237499999999963e-01 3.922654357622999688e-02 1.625796818249999996e-12
8.200000000000000000e+03 4.000948498006399870e+08 5.544472742824814486e+04 3.352035729176350287e-02 1.100000000000000000e+01 1.114107500000000028e-01 3.359160503291999667e-02 1.192251000050000065e-12
8.300000000000000000e+03 4.000949498006399870e+08 5.544472858565555362e+04 3.431760709963782574e-02 2.000000000000000000e+01 2.025649999999999951e-01 4.529491098622000222e-02 2.167729090999999860e-12
8.400000000000000000e+03 4.000950498006399870e+08 5.544472974306296237e+04 3.511485690751214861e-02 2.000000000000000000e+01 2.025649999999999951e-01 4.529491098622000222e-02 2.167729090999999860e-12
8.500000000000000000e+03 4.000951498006399870e+08 5.544473090047037113e+04 3.591210671584121883e-02 1.800000000000000000e+01 1.823085000000000122e-01 4.297052553932000085e-02 1.950956181899999995e-12
8.600000000000000000e+03 4.000952498006399870e+08 5.544473205787777988e+04 3.670935652371554170e-02 1.200000000000000000e+01 1.215389999999999943e-01 3.508528718351999753e-02 1.300637454599999795e-12
8.700000000000000000e+03 4.000953498006399870e+08 5.544473321528518863e+04 3.750660633158986457e-02 1.100000000000000000e+01 1.114107500000000028e-01 3.359160503291999667e-02 1.192251000050000065e-12
8.800000000000000000e+03 4.000954498006399870e+08 5.544473437269259011e+04 3.830385613491671393e-02 1.200000000000000000e+01 1.215389999999999943e-01 3.508528718351999753e-02 1.300637454599999795e-12
8.900000000000000000e+03 4.000955498006399870e+08 5.544473553009999887e+04 3.910110594279103680e-02 1.700000000000000000e+01 1.721802500000000069e-01 4.175984455265999845e-02 1.842569727350000063e-12
9.000000000000000000e+03 4.000956498006399870e+08 5.544473668750740762e+04 3.989835575066535966e-02 1.400000000000000000e+01 1.417954999999999910e-01 3.789644142759000106e-02 1.517410363699999862e-12
9.100000000000000000e+03 4.000957498006399870e+08 5.544473784491481638e+04 4.069560555853968253e-02 1.400000000000000000e+01 1.417954999999999910e-01 3.789644142759000106e-02 1.517410363699999862e-12
9.200000000000000000e+03 4.000958498006399870e+08 5.544473900232222513e+04 4.149285536686875275e-02 1.500000000000000000e+01 1.519237499999999963e-01 3.922654357622999688e-02 1.625796818249999996e-12
9.300000000000000000e+03 4.000959498006399870e+08 5.544474015972962661e+04 4.229010516974085476e-02 1.200000000000000000e+01 1.215389999999999943e-01 3.508528718351999753e-02 1.300637454599999795e-12
9.400000000000000000e+03 4.000960498006399870e+08 5.544474131713703537e+04 4.308735497761517763e-02 1.700000000000000000e+01 1.721802500000000069e-01 4.175984455265999845e-02 1.842569727350000063e-12
9.500000000000000000e+03 4.000961498006399870e+08 5.544474247454444412e+04 4.388460478548950050e-02 1.200000000000000000e+01 1.215389999999999943e-01 3.508528718351999753e-02 1.300637454599999795e-12
9.600000000000000000e+03 4.000962498006399870e+08 5.544474363195185288e+04 4.468185459381857072e-02 2.100000000000000000e+01 2.126932500000000004e-01 4.641347228243999923e-02 2.276115545549999793e-12
9.700000000000000000e+03 4.000963498006399870e+08 5.544474478935926163e+04 4.547910440169289359e-02 1.900000000000000000e+01 1.924367499999999898e-01 4.414801822492000344e-02 2.059342636449999928e-12
9.800000000000000000e+03 4.000964498006399870e+08 5.544474594676666311e+04 4.627635420456499560e-02 1.900000000000000000e+01 1.924367499999999898e-01 4.414801822492000344e-02 2.059342636449999928e-12
9.900000000000000000e+03 4.000965498006399870e+08 5.544474710417407186e+04 4.707360401243931847e-02 2.100000000000000000e+01 2.126932500000000004e-01 4.641347228243999923e-02 2.276115545549999793e-12
1.000000000000000000e+04 4.000966498006399870e+08 5.544474826158148062e+04 4.787085382076838869e-02 2.000000000000000000e+01 2.025649999999999951e-01 4.529491098622000222e-02 2.167729090999999860e-12
1.010000000000000000e+04 4.000967498006399870e+08 5.544474941898888937e+04 4.866810362864271156e-02 1.700000000000000000e+01 1.721802500000000069e-01 4.175984455265999845e-02 1.842569727350000063e-12
1.020000000000000000e+04 4.000968498006399870e+08 5.544475057639629813e+04 4.946535343651703442e-02 1.400000000000000000e+01 1.417954999999999910e-01 3.789644142759000106e-02 1.517410363699999862e-12
1.030000000000000000e+04 4.000969498006399870e+08 5.544475173380369961e+04 5.026260323938913643e-02 1.600000000000000000e+01 1.620520000000000016e-01 4.051300000000000040e-02 1.734183272799999929e-12
1.040000000000000000e+04 4.000970498006399870e+08 5.544475289121110836e+04 5.105985304771820665e-02 7.000000000000000000e+00 7.089774999999999550e-02 2.679683071629000018e-02 7.587051818499999309e-13
1.050000000000000000e+04 4.000971498006399870e+08 5.544475404861851712e+04 5.185710285559252952e-02 1.900000000000000000e+01 1.924367499999999898e-01 4.414801822492000344e-02 2.059342636449999928e-12
1.060000000000000000e+04 4.000972498006399870e+08 5.544475520602592587e+04 5.265435266346685239e-02 1.900000000000000000e+01 1.924367499999999898e-01 4.414801822492000344e-02 2.059342636449999928e-12
1.070000000000000000e+04 4.000973498006399870e+08 5.544475636343333463e+04 5.345160247134117526e-02 1.800000000000000000e+01 1.823085000000000122e-01 4.297052553932000085e-02 1.950956181899999995e-12
1.080000000000000000e+04 4.000974498006399870e+08 5.544475752084074338e+04 5.424885227967024548e-02 2.000000000000000000e+01 2.025649999999999951e-01 4.529491098622000222e-02 2.167729090999999860e-12
1.090000000000000000e+04 4.000975498006399870e+08 5.544475867824814486e+04 5.504610208254234749e-02 1.900000000000000000e+01 1.924367499999999898e-01 4.414801822492000344e-02 2.059342636449999928e-12
1.100000000000000000e+04 4.000976498006399870e+08 5.544475983565555362e+04 5.584335189041667036e-02 1.400000000000000000e+01 1.417954999999999910e-01 3.789644142759000106e-02 1.517410363699999862e-12
1.110000000000000000e+04 4.000977498006399870e+08 5.544476099306296237e+04 5.664060169829099323e-02 1.700000000000000000e+01 1.721802500000000069e-01 4.175984455265999845e-02 1.842569727350000063e-12
1.120000000000000000e+04 4.000978498006399870e+08 5.544476215047037113e+04 5.743785150662006345e-02 1.000000000000000000e+01 1.012824999999999975e-01 3.202833871159999762e-02 1.083864545499999930e-12
1.130000000000000000e+04 4.000979498006399870e+08 5.544476330787777988e+04 5.823510131449438632e-02 1.300000000000000000e+01 1.316672500000000134e-01 3.651792470571999655e-02 1.409023909150000131e-12
1.140000000000000000e+04 4.000980498006399870e+08 5.544476446528518863e+04 5.903235112236870918e-02 1.600000000000000000e+01 1.620520000000000016e-01 4.051300000000000040e-02 1.734183272799999929e-12
1.150000000000000000e+04 4.000981498006399870e+08 5.544476562269259011e+04 5.982960092524081119e-02 1.100000000000000000e+01 1.114107500000000028e-01 3.359160503291999667e-02 1.192251000050000065e-12
1.160000000000000000e+04 4.000982498006399870e+08 5.544476678009999887e+04 6.062685073356988141e-02 1.500000000000000000e+01 1.519237499999999963e-01 3.922654357622999688e-02 1.625796818249999996e-12
1.170000000000000000e+04 4.000983498006399870e+08 5.544476793750740762e+04 6.142410054144420428e-02 1.200000000000000000e+01 1.215389999999999943e-01 3.508528718351999753e-02 1.300637454599999795e-12
1.180000000000000000e+04 4.000984498006399870e+08 5.544476909491481638e+04 6.222135034931852715e-02 1.000000000000000000e+01 1.012824999999999975e-01 3.202833871159999762e-02 1.083864545499999930e-12
1.190000000000000000e+04 4.000985498006399870e+08 5.544477025232222513e+04 6.301860015764759737e-02 1.600000000000000000e+01 1.620520000000000016e-01 4.051300000000000040e-02 1.734183272799999929e-12
1.200000000000000000e+04 4.000986498006399870e+08 5.544477140972962661e+04 6.381584996051969938e-02 1.400000000000000000e+01 1.417954999999999910e-01 3.789644142759000106e-02 1.517410363699999862e-12
1.210000000000000000e+04 4.000987498006399870e+08 5.544477256713703537e+04 6.461309976839402225e-02 1.100000000000000000e+01 1.114107500000000028e-01 3.359160503291999667e-02 1.192251000050000065e-12
1.220000000000000000e+04 4.000988498006399870e+08 5.544477372454444412e+04 6.541034957626834512e-02 9.000000000000000000e+00 9.115425000000000610e-02 3.038474999999999857e-02 9.754780909499999977e-13
1.230000000000000000e+04 4.000989498006399870e+08 5.544477488195185288e+04 6.620759938459741534e-02 5.000000000000000000e+00 5.064124999999999877e-02 2.264745549311000111e-02 5.419322727499999651e-13
1.240000000000000000e+04 4.000990498006399870e+08 5.544477603935926163e+04 6.700484919247173821e-02 6.000000000000000000e+00 6.076949999999999713e-02 2.480904448734000053e-02 6.503187272999998975e-13
1.250000000000000000e+04 4.000991498006399870e+08 5.544477719676666311e+04 6.780209899534384022e-02 1.000000000000000000e+01 1.012824999999999975e-01 3.202833871159999762e-02 1.083864545499999930e-12
1.260000000000000000e+04 4.000992498006399870e+08 5.544477835417407186e+04 6.859934880321816308e-02 1.400000000000000000e+01 1.417954999999999910e-01 3.789644142759000106e-02 1.517410363699999862e-12
1.270000000000000000e+04 4.000993498006399870e+08 5.544477951158148062e+04 6.939659861154723330e-02 1.000000000000000000e+01 1.012824999999999975e-01 3.202833871159999762e-02 1.083864545499999930e-12
1.280000000000000000e+04 4.000994498006399870e+08 5.544478066898888937e+04 7.019384841942155617e-02 1.700000000000000000e+01 1.721802500000000069e-01 4.175984455265999845e-02 1.842569727350000063e-12
1.290000000000000000e+04 4.000995498006399870e+08 5.544478182639629813e+04 7.099109822729587904e-02 1.100000000000000000e+01 1.114107500000000028e-01 3.359160503291999667e-02 1.192251000050000065e-12
1.300000000000000000e+04 4.000996498006399870e+08 5.544478298380369961e+04 7.178834803016798105e-02 1.400000000000000000e+01 1.417954999999999910e-01 3.789644142759000106e-02 1.517410363699999862e-12
1.310000000000000000e+04 4.000997498006399870e+08 5.544478414121110836e+04 7.258559783849705127e-02 1.100000000000000000e+01 1.114107500000000028e-01 3.359160503291999667e-02 1.192251000050000065e-12
1.320000000000000000e+04 4.000998498006399870e+08 5.544478529861851712e+04 7.338284764637137414e-02 1.200000000000000000e+01 1.215389999999999943e-01 3.508528718351999753e-02 1.300637454599999795e-12
1.330000000000000000e+04 4.000999498006399870e+08 5.544478645602592587e+04 7.418009745424569701e-02 2.400000000000000000e+01 2.430779999999999885e-01 4.961808897469000001e-02 2.601274909199999590e-12
1.340000000000000000e+04 4.001000498006399870e+08 5.544478761343333463e+04 7.497734726212001988e-02 1.400000000000000000e+01 1.417954999999999910e-01 3.789644142759000106e-02 1.517410363699999862e-12
1.350000000000000000e+04 4.001001498006399870e+08 5.544478877084074338e+04 7.577459707044909010e-02 1.900000000000000000e+01 1.924367499999999898e-01 4.414801822492000344e-02 2.059342636449999928e-12
1.360000000000000000e+04 4.001002498006399870e+08 5.544478992824814486e+04 7.657184687332119211e-02 1.800000000000000000e+01 1.823085000000000122e-01 4.297052553932000085e-02 1.950956181899999995e-12
1.370000000000000000e+04 4.001003498006399870e+08 5.544479108565555362e+04 7.736909668119551498e-02 2.800000000000000000e+01 2.835909999999999820e-01 5.359366143258000037e-02 3.034820727399999724e-12
1.380000000000000000e+04 4.001004498006399870e+08 5.544479224306296237e+04 7.816634648906983784e-02 1.600000000000000000e+01 1.620520000000000016e-01 4.051300000000000040e-02 1.734183272799999929e-12
1.390000000000000000e+04 4.001005498006399870e+08 5.544479340047037113e+04 7.896359629739890806e-02 1.500000000000000000e+01 1.519237499999999963e-01 3.922654357622999688e-02 1.625796818249999996e-12
1.400000000000000000e+04 4.001006498006399870e+08 5.544479455787777988e+04 7.976084610527323093e-02 1.500000000000000000e+01 1.519237499999999963e-01 3.922654357622999688e-02 1.625796818249999996e-12
1.410000000000000000e+04 4.001007498006399870e+08 5.544479571528518863e+04 8.055809591314755380e-02 1.200000000000000000e+01 1.215389999999999943e-01 3.508528718351999753e-02 1.300637454599999795e-12
1.420000000000000000e+04 4.001008498006399870e+08 5.544479687269259011e+04 8.135534571601965581e-02 1.500000000000000000e+01 1.519237499999999963e-01 3.922654357622999688e-02 1.625796818249999996e-12
1.430000000000000000e+04 4.001009498006399870e+08 5.544479803009999887e+04 8.215259552434872603e-02 1.200000000000000000e+01 1.215389999999999943e-01 3.508528718351999753e-02 1.300637454599999795e-12
1.440000000000000000e+04 4.001010498006399870e+08 5.544479918750740762e+04 8.294984533222304890e-02 1.300000000000000000e+01 1.316672500000000134e-01 3.651792470571999655e-02 1.409023909150000131e-12
1.450000000000000000e+04 4.001011498006399870e+08 5.544480034491481638e+04 8.374709514009737177e-02 1.300000000000000000e+01 1.316672500000000134e-01 3.651792470571999655e-02 1.409023909150000131e-12
1.460000000000000000e+04 4.001012498006399870e+08 5.544480150232222513e+04 8.454434494842644199e-02 1.400000000000000000e+01 1.417954999999999910e-01 3.789644142759000106e-02 1.517410363699999862e-12
1.470000000000000000e+04 4.001013498006399870e+08 5.544480265972962661e+04 8.534159475129854400e-02 9.000000000000000000e+00 9.115425000000000610e-02 3.038474999999999857e-02 9.754780909499999977e-13
1.480000000000000000e+04 4.001014498006399870e+08 5.544480381713703537e+04 8.613884455917286687e-02 1.000000000000000000e+01 1.012824999999999975e-01 3.202833871159999762e-02 1.083864545499999930e-12
1.490000000000000000e+04 4.001015498006399870e+08 5.544480497454444412e+04 8.693609436704718973e-02 9.000000000000000000e+00 9.115425000000000610e-02 3.038474999999999857e-02 9.754780909499999977e-13
1.500000000000000000e+04 4.001016498006399870e+08 5.544480613195185288e+04 8.773334417537625995e-02 9.000000000000000000e+00 9.115425000000000610e-02 3.038474999999999857e-02 9.754780909499999977e-13
1.510000000000000000e+04 4.001017498006399870e+08 5.544480728935926163e+04 8.853059398325058282e-02 1.100000000000000000e+01 1.114107500000000028e-01 3.359160503291999667e-02 1.192251000050000065e-12
1.520000000000000000e+04 4.001018498006399870e+08 5.544480844676666311e+04 8.932784378612268483e-02 8.000000000000000000e+00 8.102600000000000080e-02 2.864701702620999976e-02 8.670916363999999643e-13
1.530000000000000000e+04 4.001019498006399870e+08 5.544480960417407186e+04 9.012509359399700770e-02 3.000000000000000000e+00 3.038474999999999857e-02 1.754264359175999877e-02 3.251593636499999488e-13
1.540000000000000000e+04 4.001020498006399870e+08 5.544481076158148062e+04 9.092234340232607792e-02 9.000000000000000000e+00 9.115425000000000610e-02 3.038474999999999857e-02 9.754780909499999977e-13
1.550000000000000000e+04 4.001021498006399870e+08 5.544481191898888937e+04 9.171959321020040079e-02 1.100000000000000000e+01 1.114107500000000028e-01 3.359160503291999667e-02 1.192251000050000065e-12
1.560000000000000000e+04 4.001022498006399870e+08 5.544481307639629813e+04 9.251684301807472366e-02 1.400000000000000000e+01 1.417954999999999910e-01 3.789644142759000106e-02 1.517410363699999862e-12
1.570000000000000000e+04 4.001023498006399870e+08 5.544481423380369961e+04 9.331409282094682567e-02 1.200000000000000000e+01 1.215389999999999943e-01 3.508528718351999753e-02 1.300637454599999795e-12
1.580000000000000000e+04 4.001024498006399870e+08 5.544481539121110836e+04 9.411134262927589589e-02 9.000000000000000000e+00 9.115425000000000610e-02 3.038474999999999857e-02 9.754780909499999977e-13
1.590000000000000000e+04 4.001025498006399870e+08 5.544481654861851712e+04 9.490859243715021876e-02 1.700000000000000000e+01 1.721802500000000069e-01 4.175984455265999845e-02 1.842569727350000063e-12
1.600000000000000000e+04 4.001026498006399870e+08 5.544481770602592587e+04 9.570584224502454163e-02 9.000000000000000000e+00 9.115425000000000610e-02 3.038474999999999857e-02 9.754780909499999977e-13
1.610000000000000000e+04 4.001027498006399870e+08 5.544481886343333463e+04 9.650309205289886449e-02 1.200000000000000000e+01 1.215389999999999943e-01 3.508528718351999753e-02 1.300637454599999795e-12
1.620000000000000000e+04 4.001028498006399870e+08 5.544482002084074338e+04 9.730034186122793471e-02 1.300000000000000000e+01 1.316672500000000134e-01 3.651792470571999655e-02 1.409023909150000131e-12
1.630000000000000000e+04 4.001029498006399870e+08 5.544482117824814486e+04 9.809759166410003672e-02 1.300000000000000000e+01 1.316672500000000134e-01 3.651792470571999655e-02 1.409023909150000131e-12
1.640000000000000000e+04 4.001030498006399870e+08 5.544482233565555362e+04 9.889484147197435959e-02 2.000000000000000000e+01 2.025649999999999951e-01 4.529491098622000222e-02 2.167729090999999860e-12
1.650000000000000000e+04 4.001031498006399870e+08 5.544482349306296237e+04 9.969209127984868246e-02 1.400000000000000000e+01 1.417954999999999910e-01 3.789644142759000106e-02 1.517410363699999862e-12
1.660000000000000000e+04 4.001032498006399870e+08 5.544482465047037113e+04 1.004893410881777527e-01 1.300000000000000000e+01 1.324809692705199993e-01 3.674360982522999891e-02 1.417731844551542570e-12
1.670000000000000000e+04 4.001033498006399870e+08 5.544482580787777988e+04 1.012865908960520755e-01 0.000000000000000000e+00 0.000000000000000000e+00 0.000000000000000000e+00 0.000000000000000000e+00
1.680000000000000000e+04 4.001034498006399870e+08 5.544482696528518863e+04 1.020838407039263984e-01 0.000000000000000000e+00 0.000000000000000000e+00 0.000000000000000000e+00 0.000000000000000000e+00
1.690000000000000000e+04 4.001035498006399870e+08 5.544482812269259011e+04 1.028810905067985004e-01 0.000000000000000000e+00 0.000000000000000000e+00 0.000000000000000000e+00 0.000000000000000000e+00
1.700000000000000000e+04 4.001036498006399870e+08 5.544482928009999887e+04 1.036783403151275706e-01 0.000000000000000000e+00 0.000000000000000000e+00 0.000000000000000000e+00 0.000000000000000000e+00
1.710000000000000000e+04 4.001037498006399870e+08 5.544483043750740762e+04 1.044755901230018935e-01 0.000000000000000000e+00 0.000000000000000000e+00 0.000000000000000000e+00 0.000000000000000000e+00
1.720000000000000000e+04 4.001038498006399870e+08 5.544483159491481638e+04 1.052728399308762164e-01 0.000000000000000000e+00 0.000000000000000000e+00 0.000000000000000000e+00 0.000000000000000000e+00
1.730000000000000000e+04 4.001039498006399870e+08 5.544483275232222513e+04 1.060700897387505393e-01 0.000000000000000000e+00 0.000000000000000000e+00 0.000000000000000000e+00 0.000000000000000000e+00
1.740000000000000000e+04 4.001040498006399870e+08 5.544483390972962661e+04 1.068673395420773886e-01 0.000000000000000000e+00 0.000000000000000000e+00 0.000000000000000000e+00 0.000000000000000000e+00
1.750000000000000000e+04 4.001041498006399870e+08 5.544483506713703537e+04 1.076645893499517115e-01 0.000000000000000000e+00 0.000000000000000000e+00 0.000000000000000000e+00 0.000000000000000000e+00
