# Columns: dt, t_raw, mjd, phase, counts, rate, rate_err, flux_t
# 
0.000000000000000000e+00 3.738141616030700207e+08 5.514055279633183090e+04 5.107844066706093145e-01 0.000000000000000000e+00 0.000000000000000000e+00 0.000000000000000000e+00 0.000000000000000000e+00
1.000000000000000000e+02 3.738142616030700207e+08 5.514055395373923238e+04 5.115816564739361638e-01 0.000000000000000000e+00 0.000000000000000000e+00 0.000000000000000000e+00 0.000000000000000000e+00
2.000000000000000000e+02 3.738143616030700207e+08 5.514055511114664114e+04 5.123789062818104867e-01 0.000000000000000000e+00 0.000000000000000000e+00 0.000000000000000000e+00 0.000000000000000000e+00
3.000000000000000000e+02 3.738144616030700207e+08 5.514055626855404989e+04 5.131761560896848096e-01 0.000000000000000000e+00 0.000000000000000000e+00 0.000000000000000000e+00 0.000000000000000000e+00
4.000000000000000000e+02 3.738145616030700207e+08 5.514055742596145865e+04 5.139734058975591324e-01 0.000000000000000000e+00 0.000000000000000000e+00 0.000000000000000000e+00 0.000000000000000000e+00
5.000000000000000000e+02 3.738146616030700207e+08 5.514055858336886740e+04 5.147706557058882026e-01 0.000000000000000000e+00 0.000000000000000000e+00 0.000000000000000000e+00 0.000000000000000000e+00
6.000000000000000000e+02 3.738147616030700207e+08 5.514055974077627616e+04 5.155679055137625255e-01 0.000000000000000000e+00 0.000000000000000000e+00 0.000000000000000000e+00 0.000000000000000000e+00
7.000000000000000000e+02 3.738148616030700207e+08 5.514056089818367764e+04 5.163651553166346275e-01 0.000000000000000000e+00 0.000000000000000000e+00 0.000000000000000000e+00 0.000000000000000000e+00
8.000000000000000000e+02 3.738149616030700207e+08 5.514056205559108639e+04 5.171624051245089504e-01 0.000000000000000000e+00 0.000000000000000000e+00 0.000000000000000000e+00 0.000000000000000000e+00
9.000000000000000000e+02 3.738150616030700207e+08 5.514056321299849515e+04 5.179596549328380206e-01 0.000000000000000000e+00 0.000000000000000000e+00 0.000000000000000000e+00 0.000000000000000000e+00
1.000000000000000000e+03 3.738151616030700207e+08 5.514056437040590390e+04 5.187569047407123435e-01 0.000000000000000000e+00 0.000000000000000000e+00 0.000000000000000000e+00 0.000000000000000000e+00
1.100000000000000000e+03 3.738152616030700207e+08 5.514056552781331266e+04 5.195541545485866664e-01 0.000000000000000000e+00 0.000000000000000000e+00 0.000000000000000000e+00 0.000000000000000000e+00
1.200000000000000000e+03 3.738153616030700207e+08 5.514056668522072141e+04 5.203514043569157366e-01 0.000000000000000000e+00 0.000000000000000000e+00 0.000000000000000000e+00 0.000000000000000000e+00
1.300000000000000000e+03 3.738154616030700207e+08 5.514056784262812289e+04 5.211486541597878386e-01 0.000000000000000000e+00 0.000000000000000000e+00 0.000000000000000000e+00 0.000000000000000000e+00
1.400000000000000000e+03 3.738155616030700207e+08 5.514056900003553164e+04 5.219459039676621614e-01 0.000000000000000000e+00 0.000000000000000000e+00 0.000000000000000000e+00 0.000000000000000000e+00
1.500000000000000000e+03 3.738156616030700207e+08 5.514057015744294040e+04 5.227431537755364843e-01 0.000000000000000000e+00 0.000000000000000000e+00 0.000000000000000000e+00 0.000000000000000000e+00
1.600000000000000000e+03 3.738157616030700207e+08 5.514057131485034915e+04 5.235404035838655545e-01 0.000000000000000000e+00 0.000000000000000000e+00 0.000000000000000000e+00 0.000000000000000000e+00
1.700000000000000000e+03 3.738158616030700207e+08 5.514057247225775791e+04 5.243376533917398774e-01 0.000000000000000000e+00 0.000000000000000000e+00 0.000000000000000000e+00 0.000000000000000000e+00
1.800000000000000000e+03 3.738159616030700207e+08 5.514057362966515939e+04 5.251349031946119794e-01 3.000000000000000000e+00 4.439468660797000338e-02 2.563128426370000004e-02 5.693263399979289042e-13
1.900000000000000000e+03 3.738160616030700207e+08 5.514057478707256814e+04 5.259321530024863023e-01 4.000000000000000000e+00 4.051300000000000040e-02 2.025650000000000020e-02 5.195468146000000548e-13
2.000000000000000000e+03 3.738161616030700207e+08 5.514057594447997690e+04 5.267294028108153725e-01 1.000000000000000000e+00 1.012825000000000010e-02 1.012825000000000010e-02 1.298867036500000137e-13
2.100000000000000000e+03 3.738162616030700207e+08 5.514057710188738565e+04 5.275266526186896954e-01 2.000000000000000000e+00 2.025650000000000020e-02 1.432350851310999935e-02 2.597734073000000274e-13
2.200000000000000000e+03 3.738163616030700207e+08 5.514057825929479441e+04 5.283239024265640182e-01 3.000000000000000000e+00 3.038474999999999857e-02 1.754264359175999877e-02 3.896601109499999906e-13
2.300000000000000000e+03 3.738164616030700207e+08 5.514057941670219589e+04 5.291211522294361203e-01 0.000000000000000000e+00 0.000000000000000000e+00 0.000000000000000000e+00 0.000000000000000000e+00
2.400000000000000000e+03 3.738165616030700207e+08 5.514058057410960464e+04 5.299184020377651905e-01 4.000000000000000000e+00 4.051300000000000040e-02 2.025650000000000020e-02 5.195468146000000548e-13
2.500000000000000000e+03 3.738166616030700207e+08 5.514058173151701340e+04 5.307156518456395133e-01 3.000000000000000000e+00 3.038474999999999857e-02 1.754264359175999877e-02 3.896601109499999906e-13
2.600000000000000000e+03 3.738167616030700207e+08 5.514058288892442215e+04 5.315129016535138362e-01 1.000000000000000000e+00 1.012825000000000010e-02 1.012825000000000010e-02 1.298867036500000137e-13
2.700000000000000000e+03 3.738168616030700207e+08 5.514058404633183090e+04 5.323101514613881591e-01 2.000000000000000000e+00 2.025650000000000020e-02 1.432350851310999935e-02 2.597734073000000274e-13
2.800000000000000000e+03 3.738169616030700207e+08 5.514058520373923238e+04 5.331074012647150084e-01 3.000000000000000000e+00 3.038474999999999857e-02 1.754264359175999877e-02 3.896601109499999906e-13
2.900000000000000000e+03 3.738170616030700207e+08 5.514058636114664114e+04 5.339046510725893313e-01 2.000000000000000000e+00 2.025650000000000020e-02 1.432350851310999935e-02 2.597734073000000274e-13
3.000000000000000000e+03 3.738171616030700207e+08 5.514058751855404989e+04 5.347019008804636542e-01 1.000000000000000000e+00 1.012825000000000010e-02 1.012825000000000010e-02 1.298867036500000137e-13
3.100000000000000000e+03 3.738172616030700207e+08 5.514058867596145865e+04 5.354991506883379770e-01 0.000000000000000000e+00 0.000000000000000000e+00 0.000000000000000000e+00 0.000000000000000000e+00
3.200000000000000000e+03 3.738173616030700207e+08 5.514058983336886740e+04 5.362964004966670473e-01 2.000000000000000000e+00 2.025650000000000020e-02 1.432350851310999935e-02 2.597734073000000274e-13
3.300000000000000000e+03 3.738174616030700207e+08 5.514059099077627616e+04 5.370936503045413701e-01 4.000000000000000000e+00 4.051300000000000040e-02 2.025650000000000020e-02 5.195468146000000548e-13
3.400000000000000000e+03 3.738175616030700207e+08 5.514059214818367764e+04 5.378909001074134721e-01 0.000000000000000000e+00 0.000000000000000000e+00 0.000000000000000000e+00 0.000000000000000000e+00
3.500000000000000000e+03 3.738176616030700207e+08 5.514059330559108639e+04 5.386881499152877950e-01 4.000000000000000000e+00 4.051300000000000040e-02 2.025650000000000020e-02 5.195468146000000548e-13
3.600000000000000000e+03 3.738177616030700207e+08 5.514059446299849515e+04 5.394853997236168652e-01 4.000000000000000000e+00 4.051300000000000040e-02 2.025650000000000020e-02 5.195468146000000548e-13
3.700000000000000000e+03 3.738178616030700207e+08 5.514059562040590390e+04 5.402826495314911881e-01 0.000000000000000000e+00 0.000000000000000000e+00 0.000000000000000000e+00 0.000000000000000000e+00
3.800000000000000000e+03 3.738179616030700207e+08 5.514059677781331266e+04 5.410798993393655110e-01 0.000000000000000000e+00 0.000000000000000000e+00 0.000000000000000000e+00 0.000000000000000000e+00
3.900000000000000000e+03 3.738180616030700207e+08 5.514059793522072141e+04 5.418771491476945812e-01 4.000000000000000000e+00 4.051300000000000040e-02 2.025650000000000020e-02 5.195468146000000548e-13
4.000000000000000000e+03 3.738181616030700207e+08 5.514059909262812289e+04 5.426743989505666832e-01 3.000000000000000000e+00 3.038474999999999857e-02 1.754264359175999877e-02 3.896601109499999906e-13
4.100000000000000000e+03 3.738182616030700207e+08 5.514060025003553164e+04 5.434716487584410061e-01 1.000000000000000000e+00 1.012825000000000010e-02 1.012825000000000010e-02 1.298867036500000137e-13
4.200000000000000000e+03 3.738183616030700207e+08 5.514060140744294040e+04 5.442688985663153289e-01 2.000000000000000000e+00 2.025650000000000020e-02 1.432350851310999935e-02 2.597734073000000274e-13
4.300000000000000000e+03 3.738184616030700207e+08 5.514060256485034915e+04 5.450661483746443992e-01 4.000000000000000000e+00 4.051300000000000040e-02 2.025650000000000020e-02 5.195468146000000548e-13
4.400000000000000000e+03 3.738185616030700207e+08 5.514060372225775791e+04 5.458633981825187220e-01 2.000000000000000000e+00 2.025650000000000020e-02 1.432350851310999935e-02 2.597734073000000274e-13
4.500000000000000000e+03 3.738186616030700207e+08 5.514060487966515939e+04 5.466606479853908240e-01 3.000000000000000000e+00 3.038474999999999857e-02 1.754264359175999877e-02 3.896601109499999906e-13
4.600000000000000000e+03 3.738187616030700207e+08 5.514060603707256814e+04 5.474578977932651469e-01 4.000000000000000000e+00 4.051300000000000040e-02 2.025650000000000020e-02 5.195468146000000548e-13
4.700000000000000000e+03 3.738188616030700207e+08 5.514060719447997690e+04 5.482551476015942171e-01 1.000000000000000000e+00 1.012825000000000010e-02 1.012825000000000010e-02 1.298867036500000137e-13
4.800000000000000000e+03 3.738189616030700207e+08 5.514060835188738565e+04 5.490523974094685400e-01 2.000000000000000000e+00 2.025650000000000020e-02 1.432350851310999935e-02 2.597734073000000274e-13
4.900000000000000000e+03 3.738190616030700207e+08 5.514060950929479441e+04 5.498496472173428629e-01 6.000000000000000000e+00 6.076949999999999713e-02 2.480904448734000053e-02 7.793202218999999812e-13
5.000000000000000000e+03 3.738191616030700207e+08 5.514061066670219589e+04 5.506468970202149649e-01 4.000000000000000000e+00 4.051300000000000040e-02 2.025650000000000020e-02 5.195468146000000548e-13
5.100000000000000000e+03 3.738192616030700207e+08 5.514061182410960464e+04 5.514441468285440351e-01 3.000000000000000000e+00 3.038474999999999857e-02 1.754264359175999877e-02 3.896601109499999906e-13
5.200000000000000000e+03 3.738193616030700207e+08 5.514061298151701340e+04 5.522413966364183580e-01 2.000000000000000000e+00 2.025650000000000020e-02 1.432350851310999935e-02 2.597734073000000274e-13
5.300000000000000000e+03 3.738194616030700207e+08 5.514061413892442215e+04 5.530386464442926808e-01 0.000000000000000000e+00 0.000000000000000000e+00 0.000000000000000000e+00 0.000000000000000000e+00
5.400000000000000000e+03 3.738195616030700207e+08 5.514061529633183090e+04 5.538358962521670037e-01 3.000000000000000000e+00 3.038474999999999857e-02 1.754264359175999877e-02 3.896601109499999906e-13
5.500000000000000000e+03 3.738196616030700207e+08 5.514061645373923238e+04 5.546331460554938531e-01 3.000000000000000000e+00 3.038474999999999857e-02 1.754264359175999877e-02 3.896601109499999906e-13
5.600000000000000000e+03 3.738197616030700207e+08 5.514061761114664114e+04 5.554303958633681759e-01 0.000000000000000000e+00 0.000000000000000000e+00 0.000000000000000000e+00 0.000000000000000000e+00
5.700000000000000000e+03 3.738198616030700207e+08 5.514061876855404989e+04 5.562276456712424988e-01 0.000000000000000000e+00 0.000000000000000000e+00 0.000000000000000000e+00 0.000000000000000000e+00
5.800000000000000000e+03 3.738199616030700207e+08 5.514061992596145865e+04 5.570248954791168217e-01 3.000000000000000000e+00 3.038474999999999857e-02 1.754264359175999877e-02 3.896601109499999906e-13
5.900000000000000000e+03 3.738200616030700207e+08 5.514062108336886740e+04 5.578221452874458919e-01 2.000000000000000000e+00 2.025650000000000020e-02 1.432350851310999935e-02 2.597734073000000274e-13
6.000000000000000000e+03 3.738201616030700207e+08 5.514062224077627616e+04 5.586193950953202148e-01 2.000000000000000000e+00 2.025650000000000020e-02 1.432350851310999935e-02 2.597734073000000274e-13
6.100000000000000000e+03 3.738202616030700207e+08 5.514062339818367764e+04 5.594166448981923168e-01 3.000000000000000000e+00 3.038474999999999857e-02 1.754264359175999877e-02 3.896601109499999906e-13
6.200000000000000000e+03 3.738203616030700207e+08 5.514062455559108639e+04 5.602138947060666396e-01 3.000000000000000000e+00 3.038474999999999857e-02 1.754264359175999877e-02 3.896601109499999906e-13
6.300000000000000000e+03 3.738204616030700207e+08 5.514062571299849515e+04 5.610111445143957098e-01 2.000000000000000000e+00 2.025650000000000020e-02 1.432350851310999935e-02 2.597734073000000274e-13
6.400000000000000000e+03 3.738205616030700207e+08 5.514062687040590390e+04 5.618083943222700327e-01 3.000000000000000000e+00 3.038474999999999857e-02 1.754264359175999877e-02 3.896601109499999906e-13
6.500000000000000000e+03 3.738206616030700207e+08 5.514062802781331266e+04 5.626056441301443556e-01 2.000000000000000000e+00 2.025650000000000020e-02 1.432350851310999935e-02 2.597734073000000274e-13
6.600000000000000000e+03 3.738207616030700207e+08 5.514062918522072141e+04 5.634028939384734258e-01 2.000000000000000000e+00 2.025650000000000020e-02 1.432350851310999935e-02 2.597734073000000274e-13
6.700000000000000000e+03 3.738208616030700207e+08 5.514063034262812289e+04 5.642001437413455278e-01 0.000000000000000000e+00 0.000000000000000000e+00 0.000000000000000000e+00 0.000000000000000000e+00
6.800000000000000000e+03 3.738209616030700207e+08 5.514063150003553164e+04 5.649973935492198507e-01 2.000000000000000000e+00 2.025650000000000020e-02 1.432350851310999935e-02 2.597734073000000274e-13
6.900000000000000000e+03 3.738210616030700207e+08 5.514063265744294040e+04 5.657946433570941736e-01 1.000000000000000000e+00 1.012825000000000010e-02 1.012825000000000010e-02 1.298867036500000137e-13
7.000000000000000000e+03 3.738211616030700207e+08 5.514063381485034915e+04 5.665918931654232438e-01 3.000000000000000000e+00 3.038474999999999857e-02 1.754264359175999877e-02 3.896601109499999906e-13
7.100000000000000000e+03 3.738212616030700207e+08 5.514063497225775791e+04 5.673891429732975666e-01 3.000000000000000000e+00 3.038474999999999857e-02 1.754264359175999877e-02 3.896601109499999906e-13
7.200000000000000000e+03 3.738213616030700207e+08 5.514063612966515939e+04 5.681863927761696687e-01 1.000000000000000000e+00 1.012825000000000010e-02 1.012825000000000010e-02 1.298867036500000137e-13
7.300000000000000000e+03 3.738214616030700207e+08 5.514063728707256814e+04 5.689836425840439915e-01 3.000000000000000000e+00 3.038474999999999857e-02 1.754264359175999877e-02 3.896601109499999906e-13
7.400000000000000000e+03 3.738215616030700207e+08 5.514063844447997690e+04 5.697808923923730617e-01 5.000000000000000000e+00 5.064124999999999877e-02 2.264745549311000111e-02 6.494335182500000180e-13
7.500000000000000000e+03 3.738216616030700207e+08 5.514063960188738565e+04 5.705781422002473846e-01 3.000000000000000000e+00 3.038474999999999857e-02 1.754264359175999877e-02 3.896601109499999906e-13
7.600000000000000000e+03 3.738217616030700207e+08 5.514064075929479441e+04 5.713753920081217075e-01 3.000000000000000000e+00 3.038474999999999857e-02 1.754264359175999877e-02 3.896601109499999906e-13
7.700000000000000000e+03 3.738218616030700207e+08 5.514064191670219589e+04 5.721726418109938095e-01 2.000000000000000000e+00 2.025650000000000020e-02 1.432350851310999935e-02 2.597734073000000274e-13
7.800000000000000000e+03 3.738219616030700207e+08 5.514064307410960464e+04 5.729698916193228797e-01 2.000000000000000000e+00 2.025650000000000020e-02 1.432350851310999935e-02 2.597734073000000274e-13
7.900000000000000000e+03 3.738220616030700207e+08 5.514064423151701340e+04 5.737671414271972026e-01 3.000000000000000000e+00 3.038474999999999857e-02 1.754264359175999877e-02 3.896601109499999906e-13
8.000000000000000000e+03 3.738221616030700207e+08 5.514064538892442215e+04 5.745643912350715254e-01 2.000000000000000000e+00 2.025650000000000020e-02 1.432350851310999935e-02 2.597734073000000274e-13
8.100000000000000000e+03 3.738222616030700207e+08 5.514064654633183090e+04 5.753616410429458483e-01 3.000000000000000000e+00 3.038474999999999857e-02 1.754264359175999877e-02 3.896601109499999906e-13
8.200000000000000000e+03 3.738223616030700207e+08 5.514064770373923238e+04 5.761588908462726977e-01 1.000000000000000000e+00 1.012825000000000010e-02 1.012825000000000010e-02 1.298867036500000137e-13
8.300000000000000000e+03 3.738224616030700207e+08 5.514064886114664114e+04 5.769561406541470205e-01 2.000000000000000000e+00 2.025650000000000020e-02 1.432350851310999935e-02 2.597734073000000274e-13
8.400000000000000000e+03 3.738225616030700207e+08 5.514065001855404989e+04 5.777533904620213434e-01 4.000000000000000000e+00 4.051300000000000040e-02 2.025650000000000020e-02 5.195468146000000548e-13
8.500000000000000000e+03 3.738226616030700207e+08 5.514065117596145865e+04 5.785506402698956663e-01 3.000000000000000000e+00 3.038474999999999857e-02 1.754264359175999877e-02 3.896601109499999906e-13
8.600000000000000000e+03 3.738227616030700207e+08 5.514065233336886740e+04 5.793478900782247365e-01 2.000000000000000000e+00 2.025650000000000020e-02 1.432350851310999935e-02 2.597734073000000274e-13
8.700000000000000000e+03 3.738228616030700207e+08 5.514065349077627616e+04 5.801451398860990594e-01 4.000000000000000000e+00 4.051300000000000040e-02 2.025650000000000020e-02 5.195468146000000548e-13
8.800000000000000000e+03 3.738229616030700207e+08 5.514065464818367764e+04 5.809423896889711614e-01 3.000000000000000000e+00 3.038474999999999857e-02 1.754264359175999877e-02 3.896601109499999906e-13
8.900000000000000000e+03 3.738230616030700207e+08 5.514065580559108639e+04 5.817396394968454842e-01 4.000000000000000000e+00 4.051300000000000040e-02 2.025650000000000020e-02 5.195468146000000548e-13
9.000000000000000000e+03 3.738231616030700207e+08 5.514065696299849515e+04 5.825368893051745545e-01 3.000000000000000000e+00 3.038474999999999857e-02 1.754264359175999877e-02 3.896601109499999906e-13
9.100000000000000000e+03 3.738232616030700207e+08 5.514065812040590390e+04 5.833341391130488773e-01 4.000000000000000000e+00 4.051300000000000040e-02 2.025650000000000020e-02 5.195468146000000548e-13
9.200000000000000000e+03 3.738233616030700207e+08 5.514065927781331266e+04 5.841313889209232002e-01 3.000000000000000000e+00 3.038474999999999857e-02 1.754264359175999877e-02 3.896601109499999906e-13
9.300000000000000000e+03 3.738234616030700207e+08 5.514066043522072141e+04 5.849286387287975231e-01 2.000000000000000000e+00 2.025650000000000020e-02 1.432350851310999935e-02 2.597734073000000274e-13
9.400000000000000000e+03 3.738235616030700207e+08 5.514066159262812289e+04 5.857258885321243724e-01 4.000000000000000000e+00 4.051300000000000040e-02 2.025650000000000020e-02 5.195468146000000548e-13
9.500000000000000000e+03 3.738236616030700207e+08 5.514066275003553164e+04 5.865231383399986953e-01 4.000000000000000000e+00 4.051300000000000040e-02 2.025650000000000020e-02 5.195468146000000548e-13
9.600000000000000000e+03 3.738237616030700207e+08 5.514066390744294040e+04 5.873203881478730182e-01 3.000000000000000000e+00 3.038474999999999857e-02 1.754264359175999877e-02 3.896601109499999906e-13
9.700000000000000000e+03 3.738238616030700207e+08 5.514066506485034915e+04 5.881176379562020884e-01 1.000000000000000000e+00 1.012825000000000010e-02 1.012825000000000010e-02 1.298867036500000137e-13
9.800000000000000000e+03 3.738239616030700207e+08 5.514066622225775791e+04 5.889148877640764113e-01 5.000000000000000000e+00 5.064124999999999877e-02 2.264745549311000111e-02 6.494335182500000180e-13
9.900000000000000000e+03 3.738240616030700207e+08 5.514066737966515939e+04 5.897121375669485133e-01 5.000000000000000000e+00 5.064124999999999877e-02 2.264745549311000111e-02 6.494335182500000180e-13
1.000000000000000000e+04 3.738241616030700207e+08 5.514066853707256814e+04 5.905093873748228361e-01 2.000000000000000000e+00 2.025650000000000020e-02 1.432350851310999935e-02 2.597734073000000274e-13
1.010000000000000000e+04 3.738242616030700207e+08 5.514066969447997690e+04 5.913066371831519064e-01 1.000000000000000000e+00 1.012825000000000010e-02 1.012825000000000010e-02 1.298867036500000137e-13
1.020000000000000000e+04 3.738243616030700207e+08 5.514067085188738565e+04 5.921038869910262292e-01 3.000000000000000000e+00 3.038474999999999857e-02 1.754264359175999877e-02 3.896601109499999906e-13
1.030000000000000000e+04 3.738244616030700207e+08 5.514067200929479441e+04 5.929011367989005521e-01 4.000000000000000000e+00 4.051300000000000040e-02 2.025650000000000020e-02 5.195468146000000548e-13
1.040000000000000000e+04 3.738245616030700207e+08 5.514067316670219589e+04 5.936983866017726541e-01 6.000000000000000000e+00 6.076949999999999713e-02 2.480904448734000053e-02 7.793202218999999812e-13
1.050000000000000000e+04 3.738246616030700207e+08 5.514067432410960464e+04 5.944956364101017243e-01 4.000000000000000000e+00 4.051300000000000040e-02 2.025650000000000020e-02 5.195468146000000548e-13
1.060000000000000000e+04 3.738247616030700207e+08 5.514067548151701340e+04 5.952928862179760472e-01 6.000000000000000000e+00 6.076949999999999713e-02 2.480904448734000053e-02 7.793202218999999812e-13
1.070000000000000000e+04 3.738248616030700207e+08 5.514067663892442215e+04 5.960901360258503701e-01 4.000000000000000000e+00 4.051300000000000040e-02 2.025650000000000020e-02 5.195468146000000548e-13
1.080000000000000000e+04 3.738249616030700207e+08 5.514067779633183090e+04 5.968873858337246929e-01 3.000000000000000000e+00 3.038474999999999857e-02 1.754264359175999877e-02 3.896601109499999906e-13
1.090000000000000000e+04 3.738250616030700207e+08 5.514067895373923238e+04 5.976846356370515423e-01 8.000000000000000000e+00 8.102600000000000080e-02 2.864701702620999976e-02 1.039093629200000110e-12
1.100000000000000000e+04 3.738251616030700207e+08 5.514068011114664114e+04 5.984818854449258652e-01 5.000000000000000000e+00 5.064124999999999877e-02 2.264745549311000111e-02 6.494335182500000180e-13
1.110000000000000000e+04 3.738252616030700207e+08 5.514068126855404989e+04 5.992791352528001880e-01 3.000000000000000000e+00 3.038474999999999857e-02 1.754264359175999877e-02 3.896601109499999906e-13
1.120000000000000000e+04 3.738253616030700207e+08 5.514068242596145865e+04 6.000763850606745109e-01 6.000000000000000000e+00 6.076949999999999713e-02 2.480904448734000053e-02 7.793202218999999812e-13
1.130000000000000000e+04 3.738254616030700207e+08 5.514068358336886740e+04 6.008736348690035811e-01 4.000000000000000000e+00 4.051300000000000040e-02 2.025650000000000020e-02 5.195468146000000548e-13
1.140000000000000000e+04 3.738255616030700207e+08 5.514068474077627616e+04 6.016708846768779040e-01 2.000000000000000000e+00 2.025650000000000020e-02 1.432350851310999935e-02 2.597734073000000274e-13
1.150000000000000000e+04 3.738256616030700207e+08 5.514068589818367764e+04 6.024681344797500060e-01 6.000000000000000000e+00 6.076949999999999713e-02 2.480904448734000053e-02 7.793202218999999812e-13
1.160000000000000000e+04 3.738257616030700207e+08 5.514068705559108639e+04 6.032653842876243289e-01 3.000000000000000000e+00 3.038474999999999857e-02 1.754264359175999877e-02 3.896601109499999906e-13
1.170000000000000000e+04 3.738258616030700207e+08 5.514068821299849515e+04 6.040626340959533991e-01 9.000000000000000000e+00 9.115425000000000610e-02 3.038474999999999857e-02 1.168980332850000073e-12
1.180000000000000000e+04 3.738259616030700207e+08 5.514068937040590390e+04 6.048598839038277220e-01 7.000000000000000000e+00 7.089774999999999550e-02 2.679683071629000018e-02 9.092069255499999444e-13
1.190000000000000000e+04 3.738260616030700207e+08 5.514069052781331266e+04 6.056571337117020448e-01 5.000000000000000000e+00 5.064124999999999877e-02 2.264745549311000111e-02 6.494335182500000180e-13
1.200000000000000000e+04 3.738261616030700207e+08 5.514069168522072141e+04 6.064543835195763677e-01 4.000000000000000000e+00 4.051300000000000040e-02 2.025650000000000020e-02 5.195468146000000548e-13
1.210000000000000000e+04 3.738262616030700207e+08 5.514069284262812289e+04 6.072516333229032170e-01 4.000000000000000000e+00 4.051300000000000040e-02 2.025650000000000020e-02 5.195468146000000548e-13
1.220000000000000000e+04 3.738263616030700207e+08 5.514069400003553164e+04 6.080488831307775399e-01 2.000000000000000000e+00 2.025650000000000020e-02 1.432350851310999935e-02 2.597734073000000274e-13
1.230000000000000000e+04 3.738264616030700207e+08 5.514069515744294040e+04 6.088461329386518628e-01 0.000000000000000000e+00 0.000000000000000000e+00 0.000000000000000000e+00 0.000000000000000000e+00
1.240000000000000000e+04 3.738265616030700207e+08 5.514069631485034915e+04 6.096433827465261857e-01 3.000000000000000000e+00 3.038474999999999857e-02 1.754264359175999877e-02 3.896601109499999906e-13
1.250000000000000000e+04 3.738266616030700207e+08 5.514069747225775791e+04 6.104406325548552559e-01 4.000000000000000000e+00 4.051300000000000040e-02 2.025650000000000020e-02 5.195468146000000548e-13
1.260000000000000000e+04 3.738267616030700207e+08 5.514069862966515939e+04 6.112378823577273579e-01 2.000000000000000000e+00 2.025650000000000020e-02 1.432350851310999935e-02 2.597734073000000274e-13
1.270000000000000000e+04 3.738268616030700207e+08 5.514069978707256814e+04 6.120351321656016808e-01 4.000000000000000000e+00 4.051300000000000040e-02 2.025650000000000020e-02 5.195468146000000548e-13
1.280000000000000000e+04 3.738269616030700207e+08 5.514070094447997690e+04 6.128323819739307510e-01 4.000000000000000000e+00 4.051300000000000040e-02 2.025650000000000020e-02 5.195468146000000548e-13
1.290000000000000000e+04 3.738270616030700207e+08 5.514070210188738565e+04 6.136296317818050738e-01 6.000000000000000000e+00 6.076949999999999713e-02 2.480904448734000053e-02 7.793202218999999812e-13
1.300000000000000000e+04 3.738271616030700207e+08 5.514070325929479441e+04 6.144268815896793967e-01 6.000000000000000000e+00 6.076949999999999713e-02 2.480904448734000053e-02 7.793202218999999812e-13
1.310000000000000000e+04 3.738272616030700207e+08 5.514070441670219589e+04 6.152241313925514987e-01 5.000000000000000000e+00 5.064124999999999877e-02 2.264745549311000111e-02 6.494335182500000180e-13
1.320000000000000000e+04 3.738273616030700207e+08 5.514070557410960464e+04 6.160213812008805689e-01 5.000000000000000000e+00 5.064124999999999877e-02 2.264745549311000111e-02 6.494335182500000180e-13
1.330000000000000000e+04 3.738274616030700207e+08 5.514070673151701340e+04 6.168186310087548918e-01 6.000000000000000000e+00 6.076949999999999713e-02 2.480904448734000053e-02 7.793202218999999812e-13
1.340000000000000000e+04 3.738275616030700207e+08 5.514070788892442215e+04 6.176158808166292147e-01 5.000000000000000000e+00 5.064124999999999877e-02 2.264745549311000111e-02 6.494335182500000180e-13
1.350000000000000000e+04 3.738276616030700207e+08 5.514070904633183090e+04 6.184131306245035375e-01 5.000000000000000000e+00 5.064124999999999877e-02 2.264745549311000111e-02 6.494335182500000180e-13
1.360000000000000000e+04 3.738277616030700207e+08 5.514071020373923238e+04 6.192103804278303869e-01 7.000000000000000000e+00 7.089774999999999550e-02 2.679683071629000018e-02 9.092069255499999444e-13
1.370000000000000000e+04 3.738278616030700207e+08 5.514071136114664114e+04 6.200076302357047098e-01 4.000000000000000000e+00 4.051300000000000040e-02 2.025650000000000020e-02 5.195468146000000548e-13
1.380000000000000000e+04 3.738279616030700207e+08 5.514071251855404989e+04 6.208048800435790326e-01 5.000000000000000000e+00 5.064124999999999877e-02 2.264745549311000111e-02 6.494335182500000180e-13
1.390000000000000000e+04 3.738280616030700207e+08 5.514071367596145865e+04 6.216021298514533555e-01 9.000000000000000000e+00 9.115425000000000610e-02 3.038474999999999857e-02 1.168980332850000073e-12
1.400000000000000000e+04 3.738281616030700207e+08 5.514071483336886740e+04 6.223993796597824257e-01 5.000000000000000000e+00 5.064124999999999877e-02 2.264745549311000111e-02 6.494335182500000180e-13
1.410000000000000000e+04 3.738282616030700207e+08 5.514071599077627616e+04 6.231966294676567486e-01 5.000000000000000000e+00 5.064124999999999877e-02 2.264745549311000111e-02 6.494335182500000180e-13
1.420000000000000000e+04 3.738283616030700207e+08 5.514071714818367764e+04 6.239938792705288506e-01 6.000000000000000000e+00 6.076949999999999713e-02 2.480904448734000053e-02 7.793202218999999812e-13
1.430000000000000000e+04 3.738284616030700207e+08 5.514071830559108639e+04 6.247911290784031735e-01 4.000000000000000000e+00 4.051300000000000040e-02 2.025650000000000020e-02 5.195468146000000548e-13
1.440000000000000000e+04 3.738285616030700207e+08 5.514071946299849515e+04 6.255883788867322437e-01 2.000000000000000000e+00 2.025650000000000020e-02 1.432350851310999935e-02 2.597734073000000274e-13
1.450000000000000000e+04 3.738286616030700207e+08 5.514072062040590390e+04 6.263856286946065666e-01 7.000000000000000000e+00 7.089774999999999550e-02 2.679683071629000018e-02 9.092069255499999444e-13
1.460000000000000000e+04 3.738287616030700207e+08 5.514072177781331266e+04 6.271828785024808894e-01 9.000000000000000000e+00 9.115425000000000610e-02 3.038474999999999857e-02 1.168980332850000073e-12
1.470000000000000000e+04 3.738288616030700207e+08 5.514072293522072141e+04 6.279801283103552123e-01 0.000000000000000000e+00 0.000000000000000000e+00 0.000000000000000000e+00 0.000000000000000000e+00
1.480000000000000000e+04 3.738289616030700207e+08 5.514072409262812289e+04 6.287773781136820617e-01 6.000000000000000000e+00 6.076949999999999713e-02 2.480904448734000053e-02 7.793202218999999812e-13
1.490000000000000000e+04 3.738290616030700207e+08 5.514072525003553164e+04 6.295746279215563845e-01 1.000000000000000000e+01 1.012824999999999975e-01 3.202833871159999762e-02 1.298867036500000036e-12
1.500000000000000000e+04 3.738291616030700207e+08 5.514072640744294040e+04 6.303718777294307074e-01 8.000000000000000000e+00 8.102600000000000080e-02 2.864701702620999976e-02 1.039093629200000110e-12
1.510000000000000000e+04 3.738292616030700207e+08 5.514072756485034915e+04 6.311691275373050303e-01 5.000000000000000000e+00 5.064124999999999877e-02 2.264745549311000111e-02 6.494335182500000180e-13
1.520000000000000000e+04 3.738293616030700207e+08 5.514072872225775791e+04 6.319663773456341005e-01 4.000000000000000000e+00 4.051300000000000040e-02 2.025650000000000020e-02 5.195468146000000548e-13
1.530000000000000000e+04 3.738294616030700207e+08 5.514072987966515939e+04 6.327636271485062025e-01 7.000000000000000000e+00 7.089774999999999550e-02 2.679683071629000018e-02 9.092069255499999444e-13
1.540000000000000000e+04 3.738295616030700207e+08 5.514073103707256814e+04 6.335608769563805254e-01 1.400000000000000000e+01 1.417954999999999910e-01 3.789644142759000106e-02 1.818413851099999889e-12
1.550000000000000000e+04 3.738296616030700207e+08 5.514073219447997690e+04 6.343581267647095956e-01 5.000000000000000000e+00 5.064124999999999877e-02 2.264745549311000111e-02 6.494335182500000180e-13
1.560000000000000000e+04 3.738297616030700207e+08 5.514073335188738565e+04 6.351553765725839185e-01 6.000000000000000000e+00 6.076949999999999713e-02 2.480904448734000053e-02 7.793202218999999812e-13
1.570000000000000000e+04 3.738298616030700207e+08 5.514073450929479441e+04 6.359526263804582413e-01 4.000000000000000000e+00 4.051300000000000040e-02 2.025650000000000020e-02 5.195468146000000548e-13
1.580000000000000000e+04 3.738299616030700207e+08 5.514073566670219589e+04 6.367498761833303433e-01 2.000000000000000000e+00 2.025650000000000020e-02 1.432350851310999935e-02 2.597734073000000274e-13
1.590000000000000000e+04 3.738300616030700207e+08 5.514073682410960464e+04 6.375471259916594136e-01 8.000000000000000000e+00 8.102600000000000080e-02 2.864701702620999976e-02 1.039093629200000110e-12
1.600000000000000000e+04 3.738301616030700207e+08 5.514073798151701340e+04 6.383443757995337364e-01 5.000000000000000000e+00 5.064124999999999877e-02 2.264745549311000111e-02 6.494335182500000180e-13
1.610000000000000000e+04 3.738302616030700207e+08 5.514073913892442215e+04 6.391416256074080593e-01 9.000000000000000000e+00 9.115425000000000610e-02 3.038474999999999857e-02 1.168980332850000073e-12
1.620000000000000000e+04 3.738303616030700207e+08 5.514074029633183090e+04 6.399388754152823822e-01 5.000000000000000000e+00 5.064124999999999877e-02 2.264745549311000111e-02 6.494335182500000180e-13
1.630000000000000000e+04 3.738304616030700207e+08 5.514074145373923238e+04 6.407361252186092315e-01 6.000000000000000000e+00 6.076949999999999713e-02 2.480904448734000053e-02 7.793202218999999812e-13
1.640000000000000000e+04 3.738305616030700207e+08 5.514074261114664114e+04 6.415333750264835544e-01 5.000000000000000000e+00 5.064124999999999877e-02 2.264745549311000111e-02 6.494335182500000180e-13
1.650000000000000000e+04 3.738306616030700207e+08 5.514074376855404989e+04 6.423306248343578773e-01 6.000000000000000000e+00 6.076949999999999713e-02 2.480904448734000053e-02 7.793202218999999812e-13
1.660000000000000000e+04 3.738307616030700207e+08 5.514074492596145865e+04 6.431278746422322001e-01 4.000000000000000000e+00 4.051300000000000040e-02 2.025650000000000020e-02 5.195468146000000548e-13
1.670000000000000000e+04 3.738308616030700207e+08 5.514074608336886740e+04 6.439251244505612704e-01 3.000000000000000000e+00 3.038474999999999857e-02 1.754264359175999877e-02 3.896601109499999906e-13
1.680000000000000000e+04 3.738309616030700207e+08 5.514074724077627616e+04 6.447223742584355932e-01 4.000000000000000000e+00 5.537244764268999669e-02 2.768622382133999887e-02 7.101073430593850404e-13
1.690000000000000000e+04 3.738310616030700207e+08 5.514074839818367764e+04 6.455196240613076952e-01 0.000000000000000000e+00 0.000000000000000000e+00 0.000000000000000000e+00 0.000000000000000000e+00
1.700000000000000000e+04 3.738311616030700207e+08 5.514074955559108639e+04 6.463168738691820181e-01 0.000000000000000000e+00 0.000000000000000000e+00 0.000000000000000000e+00 0.000000000000000000e+00
1.710000000000000000e+04 3.738312616030700207e+08 5.514075071299849515e+04 6.471141236775110883e-01 0.000000000000000000e+00 0.000000000000000000e+00 0.000000000000000000e+00 0.000000000000000000e+00
1.720000000000000000e+04 3.738313616030700207e+08 5.514075187040590390e+04 6.479113734853854112e-01 0.000000000000000000e+00 0.000000000000000000e+00 0.000000000000000000e+00 0.000000000000000000e+00
1.730000000000000000e+04 3.738314616030700207e+08 5.514075302781331266e+04 6.487086232932597341e-01 0.000000000000000000e+00 0.000000000000000000e+00 0.000000000000000000e+00 0.000000000000000000e+00
1.740000000000000000e+04 3.738315616030700207e+08 5.514075418522072141e+04 6.495058731011340569e-01 0.000000000000000000e+00 0.000000000000000000e+00 0.000000000000000000e+00 0.000000000000000000e+00
1.750000000000000000e+04 3.738316616030700207e+08 5.514075534262812289e+04 6.503031229044609063e-01 0.000000000000000000e+00 0.000000000000000000e+00 0.000000000000000000e+00 0.000000000000000000e+00
