# Columns: dt, t_raw, mjd, phase, counts, rate, rate_err, flux_t
# 
0.000000000000000000e+00 7.579230610509899855e+08 5.958625765105312166e+04 8.182441768037165275e-01 0.000000000000000000e+00 0.000000000000000000e+00 0.000000000000000000e+00 0.000000000000000000e+00
1.000000000000000000e+02 7.579231610509899855e+08 5.958625880846053042e+04 8.190414266117045372e-01 0.000000000000000000e+00 0.000000000000000000e+00 0.000000000000000000e+00 0.000000000000000000e+00
2.000000000000000000e+02 7.579232610509899855e+08 5.958625996586793917e+04 8.198386764196925469e-01 0.000000000000000000e+00 0.000000000000000000e+00 0.000000000000000000e+00 0.000000000000000000e+00
3.000000000000000000e+02 7.579233610509899855e+08 5.958626112327534793e+04 8.206359262276805566e-01 0.000000000000000000e+00 0.000000000000000000e+00 0.000000000000000000e+00 0.000000000000000000e+00
4.000000000000000000e+02 7.579234610509899855e+08 5.958626228068275668e+04 8.214331760357254097e-01 0.000000000000000000e+00 0.000000000000000000e+00 0.000000000000000000e+00 0.000000000000000000e+00
5.000000000000000000e+02 7.579235610509899855e+08 5.958626343809015816e+04 8.222304258387111986e-01 0.000000000000000000e+00 0.000000000000000000e+00 0.000000000000000000e+00 0.000000000000000000e+00
6.000000000000000000e+02 7.579236610509899855e+08 5.958626459549756692e+04 8.230276756466992083e-01 0.000000000000000000e+00 0.000000000000000000e+00 0.000000000000000000e+00 0.000000000000000000e+00
7.000000000000000000e+02 7.579237610509899855e+08 5.958626575290497567e+04 8.238249254546872180e-01 0.000000000000000000e+00 0.000000000000000000e+00 0.000000000000000000e+00 0.000000000000000000e+00
8.000000000000000000e+02 7.579238610509899855e+08 5.958626691031238443e+04 8.246221752626752277e-01 0.000000000000000000e+00 0.000000000000000000e+00 0.000000000000000000e+00 0.000000000000000000e+00
9.000000000000000000e+02 7.579239610509899855e+08 5.958626806771979318e+04 8.254194250706632374e-01 7.000000000000000000e+00 1.302266431116700096e-01 4.922104453546000125e-02 1.943489399134252383e-12
1.000000000000000000e+03 7.579240610509899855e+08 5.958626922512719466e+04 8.262166748736490263e-01 1.800000000000000000e+01 1.823829677419399886e-01 4.298807775441999823e-02 2.721865172283938357e-12
1.100000000000000000e+03 7.579241610509899855e+08 5.958627038253461069e+04 8.270139246866392568e-01 1.800000000000000000e+01 1.823829677419399886e-01 4.298807775441999823e-02 2.721865172283938357e-12
1.200000000000000000e+03 7.579242610509899855e+08 5.958627153994201217e+04 8.278111744896250457e-01 1.500000000000000000e+01 1.519858064516100005e-01 3.924256648313000084e-02 2.268220976903182606e-12
1.300000000000000000e+03 7.579243610509899855e+08 5.958627269734942092e+04 8.286084242976130554e-01 1.200000000000000000e+01 1.215886451612900043e-01 3.509961850714000270e-02 1.814576781522576094e-12
1.400000000000000000e+03 7.579244610509899855e+08 5.958627385475682968e+04 8.294056741056010651e-01 1.400000000000000000e+01 1.418534193548399991e-01 3.791192102629999811e-02 2.117006245109696848e-12
1.500000000000000000e+03 7.579245610509899855e+08 5.958627501216423843e+04 8.302029239135890748e-01 1.600000000000000000e+01 1.621181935483899939e-01 4.052954838710000340e-02 2.419435708696817401e-12
1.600000000000000000e+03 7.579246610509899855e+08 5.958627616957164719e+04 8.310001737215770845e-01 5.000000000000000000e+00 5.066193548386999784e-02 2.265670632273000112e-02 7.560736589677274679e-13
1.700000000000000000e+03 7.579247610509899855e+08 5.958627732697904867e+04 8.317974235245628734e-01 1.200000000000000000e+01 1.215886451612900043e-01 3.509961850714000270e-02 1.814576781522576094e-12
1.800000000000000000e+03 7.579248610509899855e+08 5.958627848438645742e+04 8.325946733325508831e-01 1.400000000000000000e+01 1.418534193548399991e-01 3.791192102629999811e-02 2.117006245109696848e-12
1.900000000000000000e+03 7.579249610509899855e+08 5.958627964179386618e+04 8.333919231405957362e-01 1.500000000000000000e+01 1.519858064516100005e-01 3.924256648313000084e-02 2.268220976903182606e-12
2.000000000000000000e+03 7.579250610509899855e+08 5.958628079920127493e+04 8.341891729485837459e-01 1.500000000000000000e+01 1.519858064516100005e-01 3.924256648313000084e-02 2.268220976903182606e-12
2.100000000000000000e+03 7.579251610509899855e+08 5.958628195660868369e+04 8.349864227565717556e-01 1.000000000000000000e+01 1.013238709677399957e-01 3.204142136030999760e-02 1.512147317935454936e-12
2.200000000000000000e+03 7.579252610509899855e+08 5.958628311401608516e+04 8.357836725595575444e-01 1.600000000000000000e+01 1.621181935483899939e-01 4.052954838710000340e-02 2.419435708696817401e-12
2.300000000000000000e+03 7.579253610509899855e+08 5.958628427142349392e+04 8.365809223675455542e-01 1.300000000000000000e+01 1.317210322580600057e-01 3.653284122027000008e-02 1.965791513316062053e-12
2.400000000000000000e+03 7.579254610509899855e+08 5.958628542883090267e+04 8.373781721755335639e-01 2.200000000000000000e+01 2.229125161290299861e-01 4.752510812334000134e-02 3.326724099458030828e-12
2.500000000000000000e+03 7.579255610509899855e+08 5.958628658623831143e+04 8.381754219835215736e-01 1.600000000000000000e+01 1.621181935483899939e-01 4.052954838710000340e-02 2.419435708696817401e-12
2.600000000000000000e+03 7.579256610509899855e+08 5.958628774364572018e+04 8.389726717915095833e-01 1.400000000000000000e+01 1.418534193548399991e-01 3.791192102629999811e-02 2.117006245109696848e-12
2.700000000000000000e+03 7.579257610509899855e+08 5.958628890105312166e+04 8.397699215944953721e-01 1.700000000000000000e+01 1.722505806451599952e-01 4.177690223964999894e-02 2.570650440490303562e-12
2.800000000000000000e+03 7.579258610509899855e+08 5.958629005846053042e+04 8.405671714024833818e-01 9.000000000000000000e+00 9.119148387096999431e-02 3.039716129031999961e-02 1.360932586141969179e-12
2.900000000000000000e+03 7.579259610509899855e+08 5.958629121586793917e+04 8.413644212104713915e-01 1.300000000000000000e+01 1.317210322580600057e-01 3.653284122027000008e-02 1.965791513316062053e-12
3.000000000000000000e+03 7.579260610509899855e+08 5.958629237327534793e+04 8.421616710184594012e-01 1.300000000000000000e+01 1.317210322580600057e-01 3.653284122027000008e-02 1.965791513316062053e-12
3.100000000000000000e+03 7.579261610509899855e+08 5.958629353068275668e+04 8.429589208264474109e-01 1.600000000000000000e+01 1.621181935483899939e-01 4.052954838710000340e-02 2.419435708696817401e-12
3.200000000000000000e+03 7.579262610509899855e+08 5.958629468809015816e+04 8.437561706294331998e-01 1.600000000000000000e+01 1.621181935483899939e-01 4.052954838710000340e-02 2.419435708696817401e-12
3.300000000000000000e+03 7.579263610509899855e+08 5.958629584549756692e+04 8.445534204374212095e-01 8.000000000000000000e+00 8.105909677419000092e-02 2.865871850293999837e-02 1.209717854348334181e-12
3.400000000000000000e+03 7.579264610509899855e+08 5.958629700290497567e+04 8.453506702454660626e-01 1.300000000000000000e+01 1.317210322580600057e-01 3.653284122027000008e-02 1.965791513316062053e-12
3.500000000000000000e+03 7.579265610509899855e+08 5.958629816031238443e+04 8.461479200534540723e-01 8.000000000000000000e+00 8.105909677419000092e-02 2.865871850293999837e-02 1.209717854348334181e-12
3.600000000000000000e+03 7.579266610509899855e+08 5.958629931771979318e+04 8.469451698614420820e-01 1.600000000000000000e+01 1.621181935483899939e-01 4.052954838710000340e-02 2.419435708696817401e-12
3.700000000000000000e+03 7.579267610509899855e+08 5.958630047512719466e+04 8.477424196644278709e-01 2.000000000000000000e+01 2.026477419354799914e-01 4.531341264546000225e-02 3.024294635870909872e-12
3.800000000000000000e+03 7.579268610509899855e+08 5.958630163253461069e+04 8.485396694774181015e-01 1.800000000000000000e+01 1.823829677419399886e-01 4.298807775441999823e-02 2.721865172283938357e-12
3.900000000000000000e+03 7.579269610509899855e+08 5.958630278994201217e+04 8.493369192804038903e-01 1.300000000000000000e+01 1.317210322580600057e-01 3.653284122027000008e-02 1.965791513316062053e-12
4.000000000000000000e+03 7.579270610509899855e+08 5.958630394734942092e+04 8.501341690883919000e-01 2.100000000000000000e+01 2.127801290322600125e-01 4.643243084155999900e-02 3.175509367664545475e-12
4.100000000000000000e+03 7.579271610509899855e+08 5.958630510475682968e+04 8.509314188963799097e-01 2.000000000000000000e+01 2.026477419354799914e-01 4.531341264546000225e-02 3.024294635870909872e-12
4.200000000000000000e+03 7.579272610509899855e+08 5.958630626216423843e+04 8.517286687043679194e-01 2.200000000000000000e+01 2.229125161290299861e-01 4.752510812334000134e-02 3.326724099458030828e-12
4.300000000000000000e+03 7.579273610509899855e+08 5.958630741957164719e+04 8.525259185123559291e-01 9.000000000000000000e+00 9.119148387096999431e-02 3.039716129031999961e-02 1.360932586141969179e-12
4.400000000000000000e+03 7.579274610509899855e+08 5.958630857697904867e+04 8.533231683153417180e-01 1.200000000000000000e+01 1.215886451612900043e-01 3.509961850714000270e-02 1.814576781522576094e-12
4.500000000000000000e+03 7.579275610509899855e+08 5.958630973438645742e+04 8.541204181233297277e-01 8.000000000000000000e+00 8.105909677419000092e-02 2.865871850293999837e-02 1.209717854348334181e-12
4.600000000000000000e+03 7.579276610509899855e+08 5.958631089179386618e+04 8.549176679313177374e-01 1.200000000000000000e+01 1.215886451612900043e-01 3.509961850714000270e-02 1.814576781522576094e-12
4.700000000000000000e+03 7.579277610509899855e+08 5.958631204920127493e+04 8.557149177393625905e-01 1.800000000000000000e+01 1.823829677419399886e-01 4.298807775441999823e-02 2.721865172283938357e-12
4.800000000000000000e+03 7.579278610509899855e+08 5.958631320660868369e+04 8.565121675473506002e-01 1.500000000000000000e+01 1.519858064516100005e-01 3.924256648313000084e-02 2.268220976903182606e-12
4.900000000000000000e+03 7.579279610509899855e+08 5.958631436401608516e+04 8.573094173503363891e-01 1.300000000000000000e+01 1.317210322580600057e-01 3.653284122027000008e-02 1.965791513316062053e-12
5.000000000000000000e+03 7.579280610509899855e+08 5.958631552142349392e+04 8.581066671583243988e-01 8.000000000000000000e+00 8.105909677419000092e-02 2.865871850293999837e-02 1.209717854348334181e-12
5.100000000000000000e+03 7.579281610509899855e+08 5.958631667883090267e+04 8.589039169663124085e-01 1.200000000000000000e+01 1.215886451612900043e-01 3.509961850714000270e-02 1.814576781522576094e-12
5.200000000000000000e+03 7.579282610509899855e+08 5.958631783623831143e+04 8.597011667743004182e-01 1.600000000000000000e+01 1.621181935483899939e-01 4.052954838710000340e-02 2.419435708696817401e-12
5.300000000000000000e+03 7.579283610509899855e+08 5.958631899364572018e+04 8.604984165822884279e-01 1.200000000000000000e+01 1.215886451612900043e-01 3.509961850714000270e-02 1.814576781522576094e-12
5.400000000000000000e+03 7.579284610509899855e+08 5.958632015105312166e+04 8.612956663852742167e-01 1.600000000000000000e+01 1.621181935483899939e-01 4.052954838710000340e-02 2.419435708696817401e-12
5.500000000000000000e+03 7.579285610509899855e+08 5.958632130846053042e+04 8.620929161932622264e-01 8.000000000000000000e+00 8.105909677419000092e-02 2.865871850293999837e-02 1.209717854348334181e-12
5.600000000000000000e+03 7.579286610509899855e+08 5.958632246586793917e+04 8.628901660012502361e-01 1.700000000000000000e+01 1.722505806451599952e-01 4.177690223964999894e-02 2.570650440490303562e-12
5.700000000000000000e+03 7.579287610509899855e+08 5.958632362327534793e+04 8.636874158092382459e-01 1.400000000000000000e+01 1.418534193548399991e-01 3.791192102629999811e-02 2.117006245109696848e-12
5.800000000000000000e+03 7.579288610509899855e+08 5.958632478068275668e+04 8.644846656172262556e-01 1.800000000000000000e+01 1.823829677419399886e-01 4.298807775441999823e-02 2.721865172283938357e-12
5.900000000000000000e+03 7.579289610509899855e+08 5.958632593809015816e+04 8.652819154202120444e-01 2.100000000000000000e+01 2.127801290322600125e-01 4.643243084155999900e-02 3.175509367664545475e-12
6.000000000000000000e+03 7.579290610509899855e+08 5.958632709549756692e+04 8.660791652282000541e-01 1.700000000000000000e+01 1.722505806451599952e-01 4.177690223964999894e-02 2.570650440490303562e-12
6.100000000000000000e+03 7.579291610509899855e+08 5.958632825290497567e+04 8.668764150361880638e-01 1.200000000000000000e+01 1.215886451612900043e-01 3.509961850714000270e-02 1.814576781522576094e-12
6.200000000000000000e+03 7.579292610509899855e+08 5.958632941031238443e+04 8.676736648442329169e-01 1.300000000000000000e+01 1.317210322580600057e-01 3.653284122027000008e-02 1.965791513316062053e-12
6.300000000000000000e+03 7.579293610509899855e+08 5.958633056771979318e+04 8.684709146522209267e-01 4.000000000000000000e+00 4.052954838710000340e-02 2.026477419355000170e-02 6.048589271742418116e-13
6.400000000000000000e+03 7.579294610509899855e+08 5.958633172512719466e+04 8.692681644552067155e-01 1.200000000000000000e+01 1.215886451612900043e-01 3.509961850714000270e-02 1.814576781522576094e-12
6.500000000000000000e+03 7.579295610509899855e+08 5.958633288253461069e+04 8.700654142681969461e-01 1.500000000000000000e+01 1.519858064516100005e-01 3.924256648313000084e-02 2.268220976903182606e-12
6.600000000000000000e+03 7.579296610509899855e+08 5.958633403994201217e+04 8.708626640711827349e-01 1.800000000000000000e+01 1.823829677419399886e-01 4.298807775441999823e-02 2.721865172283938357e-12
6.700000000000000000e+03 7.579297610509899855e+08 5.958633519734942092e+04 8.716599138791707446e-01 1.200000000000000000e+01 1.215886451612900043e-01 3.509961850714000270e-02 1.814576781522576094e-12
6.800000000000000000e+03 7.579298610509899855e+08 5.958633635475682968e+04 8.724571636871587543e-01 1.500000000000000000e+01 1.519858064516100005e-01 3.924256648313000084e-02 2.268220976903182606e-12
6.900000000000000000e+03 7.579299610509899855e+08 5.958633751216423843e+04 8.732544134951467640e-01 1.200000000000000000e+01 1.215886451612900043e-01 3.509961850714000270e-02 1.814576781522576094e-12
7.000000000000000000e+03 7.579300610509899855e+08 5.958633866957164719e+04 8.740516633031347737e-01 1.800000000000000000e+01 1.823829677419399886e-01 4.298807775441999823e-02 2.721865172283938357e-12
7.100000000000000000e+03 7.579301610509899855e+08 5.958633982697904867e+04 8.748489131061205626e-01 1.300000000000000000e+01 1.317210322580600057e-01 3.653284122027000008e-02 1.965791513316062053e-12
7.200000000000000000e+03 7.579302610509899855e+08 5.958634098438645742e+04 8.756461629141085723e-01 2.100000000000000000e+01 2.127801290322600125e-01 4.643243084155999900e-02 3.175509367664545475e-12
7.300000000000000000e+03 7.579303610509899855e+08 5.958634214179386618e+04 8.764434127220965820e-01 7.000000000000000000e+00 7.092670967741999954e-02 2.680777644549999991e-02 1.058503122554848424e-12
7.400000000000000000e+03 7.579304610509899855e+08 5.958634329920127493e+04 8.772406625300845917e-01 2.300000000000000000e+01 2.330449032258100073e-01 4.859322144512000230e-02 3.477938831251666027e-12
7.500000000000000000e+03 7.579305610509899855e+08 5.958634445660868369e+04 8.780379123380726014e-01 9.000000000000000000e+00 9.119148387096999431e-02 3.039716129031999961e-02 1.360932586141969179e-12
7.600000000000000000e+03 7.579306610509899855e+08 5.958634561401608516e+04 8.788351621410583903e-01 1.500000000000000000e+01 1.519858064516100005e-01 3.924256648313000084e-02 2.268220976903182606e-12
7.700000000000000000e+03 7.579307610509899855e+08 5.958634677142349392e+04 8.796324119490464000e-01 2.200000000000000000e+01 2.229125161290299861e-01 4.752510812334000134e-02 3.326724099458030828e-12
7.800000000000000000e+03 7.579308610509899855e+08 5.958634792883090267e+04 8.804296617570912531e-01 1.900000000000000000e+01 1.925153548387099900e-01 4.416605141167000148e-02 2.873079904077424114e-12
7.900000000000000000e+03 7.579309610509899855e+08 5.958634908623831143e+04 8.812269115650792628e-01 1.900000000000000000e+01 1.925153548387099900e-01 4.416605141167000148e-02 2.873079904077424114e-12
8.000000000000000000e+03 7.579310610509899855e+08 5.958635024364572018e+04 8.820241613730672725e-01 1.600000000000000000e+01 1.621181935483899939e-01 4.052954838710000340e-02 2.419435708696817401e-12
8.100000000000000000e+03 7.579311610509899855e+08 5.958635140105312166e+04 8.828214111760530614e-01 1.300000000000000000e+01 1.317210322580600057e-01 3.653284122027000008e-02 1.965791513316062053e-12
8.200000000000000000e+03 7.579312610509899855e+08 5.958635255846053042e+04 8.836186609840410711e-01 1.400000000000000000e+01 1.418534193548399991e-01 3.791192102629999811e-02 2.117006245109696848e-12
8.300000000000000000e+03 7.579313610509899855e+08 5.958635371586793917e+04 8.844159107920290808e-01 1.100000000000000000e+01 1.114562580645200029e-01 3.360532623063999802e-02 1.663362049729090135e-12
8.400000000000000000e+03 7.579314610509899855e+08 5.958635487327534793e+04 8.852131606000170905e-01 1.300000000000000000e+01 1.317210322580600057e-01 3.653284122027000008e-02 1.965791513316062053e-12
8.500000000000000000e+03 7.579315610509899855e+08 5.958635603068275668e+04 8.860104104080051002e-01 1.000000000000000000e+01 1.013238709677399957e-01 3.204142136030999760e-02 1.512147317935454936e-12
8.600000000000000000e+03 7.579316610509899855e+08 5.958635718809015816e+04 8.868076602109908890e-01 1.500000000000000000e+01 1.519858064516100005e-01 3.924256648313000084e-02 2.268220976903182606e-12
8.700000000000000000e+03 7.579317610509899855e+08 5.958635834549756692e+04 8.876049100189788987e-01 1.300000000000000000e+01 1.317210322580600057e-01 3.653284122027000008e-02 1.965791513316062053e-12
8.800000000000000000e+03 7.579318610509899855e+08 5.958635950290497567e+04 8.884021598269669084e-01 1.600000000000000000e+01 1.621181935483899939e-01 4.052954838710000340e-02 2.419435708696817401e-12
8.900000000000000000e+03 7.579319610509899855e+08 5.958636066031238443e+04 8.891994096349549181e-01 1.600000000000000000e+01 1.621181935483899939e-01 4.052954838710000340e-02 2.419435708696817401e-12
9.000000000000000000e+03 7.579320610509899855e+08 5.958636181771979318e+04 8.899966594429429279e-01 1.300000000000000000e+01 1.317210322580600057e-01 3.653284122027000008e-02 1.965791513316062053e-12
9.100000000000000000e+03 7.579321610509899855e+08 5.958636297512719466e+04 8.907939092459287167e-01 1.200000000000000000e+01 1.215886451612900043e-01 3.509961850714000270e-02 1.814576781522576094e-12
9.200000000000000000e+03 7.579322610509899855e+08 5.958636413253461069e+04 8.915911590589757907e-01 1.000000000000000000e+01 1.013238709677399957e-01 3.204142136030999760e-02 1.512147317935454936e-12
9.300000000000000000e+03 7.579323610509899855e+08 5.958636528994201217e+04 8.923884088619615795e-01 9.000000000000000000e+00 9.119148387096999431e-02 3.039716129031999961e-02 1.360932586141969179e-12
9.400000000000000000e+03 7.579324610509899855e+08 5.958636644734942092e+04 8.931856586699495892e-01 1.300000000000000000e+01 1.317210322580600057e-01 3.653284122027000008e-02 1.965791513316062053e-12
9.500000000000000000e+03 7.579325610509899855e+08 5.958636760475682968e+04 8.939829084779375989e-01 1.700000000000000000e+01 1.722505806451599952e-01 4.177690223964999894e-02 2.570650440490303562e-12
9.600000000000000000e+03 7.579326610509899855e+08 5.958636876216423843e+04 8.947801582859256087e-01 1.300000000000000000e+01 1.317210322580600057e-01 3.653284122027000008e-02 1.965791513316062053e-12
9.700000000000000000e+03 7.579327610509899855e+08 5.958636991957164719e+04 8.955774080939136184e-01 1.300000000000000000e+01 1.317210322580600057e-01 3.653284122027000008e-02 1.965791513316062053e-12
9.800000000000000000e+03 7.579328610509899855e+08 5.958637107697904867e+04 8.963746578968994072e-01 1.800000000000000000e+01 1.823829677419399886e-01 4.298807775441999823e-02 2.721865172283938357e-12
9.900000000000000000e+03 7.579329610509899855e+08 5.958637223438645742e+04 8.971719077048874169e-01 1.500000000000000000e+01 1.519858064516100005e-01 3.924256648313000084e-02 2.268220976903182606e-12
1.000000000000000000e+04 7.579330610509899855e+08 5.958637339179386618e+04 8.979691575128754266e-01 1.000000000000000000e+01 1.013238709677399957e-01 3.204142136030999760e-02 1.512147317935454936e-12
1.010000000000000000e+04 7.579331610509899855e+08 5.958637454920127493e+04 8.987664073208634363e-01 1.700000000000000000e+01 1.722505806451599952e-01 4.177690223964999894e-02 2.570650440490303562e-12
1.020000000000000000e+04 7.579332610509899855e+08 5.958637570660868369e+04 8.995636571288514460e-01 1.300000000000000000e+01 1.317210322580600057e-01 3.653284122027000008e-02 1.965791513316062053e-12
1.030000000000000000e+04 7.579333610509899855e+08 5.958637686401608516e+04 9.003609069318372349e-01 7.000000000000000000e+00 7.092670967741999954e-02 2.680777644549999991e-02 1.058503122554848424e-12
1.040000000000000000e+04 7.579334610509899855e+08 5.958637802142349392e+04 9.011581567398252446e-01 9.000000000000000000e+00 9.119148387096999431e-02 3.039716129031999961e-02 1.360932586141969179e-12
1.050000000000000000e+04 7.579335610509899855e+08 5.958637917883090267e+04 9.019554065478132543e-01 7.000000000000000000e+00 7.092670967741999954e-02 2.680777644549999991e-02 1.058503122554848424e-12
1.060000000000000000e+04 7.579336610509899855e+08 5.958638033623831143e+04 9.027526563558581074e-01 1.400000000000000000e+01 1.418534193548399991e-01 3.791192102629999811e-02 2.117006245109696848e-12
1.070000000000000000e+04 7.579337610509899855e+08 5.958638149364572018e+04 9.035499061638461171e-01 1.200000000000000000e+01 1.215886451612900043e-01 3.509961850714000270e-02 1.814576781522576094e-12
1.080000000000000000e+04 7.579338610509899855e+08 5.958638265105312166e+04 9.043471559668319060e-01 1.000000000000000000e+01 1.013238709677399957e-01 3.204142136030999760e-02 1.512147317935454936e-12
1.090000000000000000e+04 7.579339610509899855e+08 5.958638380846053042e+04 9.051444057748199157e-01 9.000000000000000000e+00 9.119148387096999431e-02 3.039716129031999961e-02 1.360932586141969179e-12
1.100000000000000000e+04 7.579340610509899855e+08 5.958638496586793917e+04 9.059416555828079254e-01 1.300000000000000000e+01 1.317210322580600057e-01 3.653284122027000008e-02 1.965791513316062053e-12
1.110000000000000000e+04 7.579341610509899855e+08 5.958638612327534793e+04 9.067389053907959351e-01 1.700000000000000000e+01 1.722505806451599952e-01 4.177690223964999894e-02 2.570650440490303562e-12
1.120000000000000000e+04 7.579342610509899855e+08 5.958638728068275668e+04 9.075361551987839448e-01 1.700000000000000000e+01 1.722505806451599952e-01 4.177690223964999894e-02 2.570650440490303562e-12
1.130000000000000000e+04 7.579343610509899855e+08 5.958638843809015816e+04 9.083334050017697336e-01 1.000000000000000000e+01 1.013238709677399957e-01 3.204142136030999760e-02 1.512147317935454936e-12
1.140000000000000000e+04 7.579344610509899855e+08 5.958638959549756692e+04 9.091306548097577434e-01 1.500000000000000000e+01 1.519858064516100005e-01 3.924256648313000084e-02 2.268220976903182606e-12
1.150000000000000000e+04 7.579345610509899855e+08 5.958639075290497567e+04 9.099279046177457531e-01 9.000000000000000000e+00 9.119148387096999431e-02 3.039716129031999961e-02 1.360932586141969179e-12
1.160000000000000000e+04 7.579346610509899855e+08 5.958639191031238443e+04 9.107251544257337628e-01 1.800000000000000000e+01 1.823829677419399886e-01 4.298807775441999823e-02 2.721865172283938357e-12
1.170000000000000000e+04 7.579347610509899855e+08 5.958639306771979318e+04 9.115224042337217725e-01 1.600000000000000000e+01 1.621181935483899939e-01 4.052954838710000340e-02 2.419435708696817401e-12
1.180000000000000000e+04 7.579348610509899855e+08 5.958639422512719466e+04 9.123196540367075613e-01 1.300000000000000000e+01 1.317210322580600057e-01 3.653284122027000008e-02 1.965791513316062053e-12
1.190000000000000000e+04 7.579349610509899855e+08 5.958639538253461069e+04 9.131169038496977919e-01 1.300000000000000000e+01 1.317210322580600057e-01 3.653284122027000008e-02 1.965791513316062053e-12
1.200000000000000000e+04 7.579350610509899855e+08 5.958639653994201217e+04 9.139141536526835807e-01 1.200000000000000000e+01 1.215886451612900043e-01 3.509961850714000270e-02 1.814576781522576094e-12
1.210000000000000000e+04 7.579351610509899855e+08 5.958639769734942092e+04 9.147114034607284339e-01 1.400000000000000000e+01 1.418534193548399991e-01 3.791192102629999811e-02 2.117006245109696848e-12
1.220000000000000000e+04 7.579352610509899855e+08 5.958639885475682968e+04 9.155086532687164436e-01 1.900000000000000000e+01 1.925153548387099900e-01 4.416605141167000148e-02 2.873079904077424114e-12
1.230000000000000000e+04 7.579353610509899855e+08 5.958640001216423843e+04 9.163059030767044533e-01 1.200000000000000000e+01 1.215886451612900043e-01 3.509961850714000270e-02 1.814576781522576094e-12
1.240000000000000000e+04 7.579354610509899855e+08 5.958640116957164719e+04 9.171031528846924630e-01 1.300000000000000000e+01 1.317210322580600057e-01 3.653284122027000008e-02 1.965791513316062053e-12
1.250000000000000000e+04 7.579355610509899855e+08 5.958640232697904867e+04 9.179004026876782518e-01 1.200000000000000000e+01 1.215886451612900043e-01 3.509961850714000270e-02 1.814576781522576094e-12
1.260000000000000000e+04 7.579356610509899855e+08 5.958640348438645742e+04 9.186976524956662615e-01 9.000000000000000000e+00 9.119148387096999431e-02 3.039716129031999961e-02 1.360932586141969179e-12
1.270000000000000000e+04 7.579357610509899855e+08 5.958640464179386618e+04 9.194949023036542712e-01 1.200000000000000000e+01 1.215886451612900043e-01 3.509961850714000270e-02 1.814576781522576094e-12
1.280000000000000000e+04 7.579358610509899855e+08 5.958640579920127493e+04 9.202921521116422809e-01 1.300000000000000000e+01 1.317210322580600057e-01 3.653284122027000008e-02 1.965791513316062053e-12
1.290000000000000000e+04 7.579359610509899855e+08 5.958640695660868369e+04 9.210894019196302906e-01 1.700000000000000000e+01 1.722505806451599952e-01 4.177690223964999894e-02 2.570650440490303562e-12
1.300000000000000000e+04 7.579360610509899855e+08 5.958640811401608516e+04 9.218866517226160795e-01 1.200000000000000000e+01 1.215886451612900043e-01 3.509961850714000270e-02 1.814576781522576094e-12
1.310000000000000000e+04 7.579361610509899855e+08 5.958640927142349392e+04 9.226839015306040892e-01 7.000000000000000000e+00 7.092670967741999954e-02 2.680777644549999991e-02 1.058503122554848424e-12
1.320000000000000000e+04 7.579362610509899855e+08 5.958641042883090267e+04 9.234811513385920989e-01 2.200000000000000000e+01 2.229125161290299861e-01 4.752510812334000134e-02 3.326724099458030828e-12
1.330000000000000000e+04 7.579363610509899855e+08 5.958641158623831143e+04 9.242784011465801086e-01 9.000000000000000000e+00 9.119148387096999431e-02 3.039716129031999961e-02 1.360932586141969179e-12
1.340000000000000000e+04 7.579364610509899855e+08 5.958641274364572018e+04 9.250756509545681183e-01 1.500000000000000000e+01 1.519858064516100005e-01 3.924256648313000084e-02 2.268220976903182606e-12
1.350000000000000000e+04 7.579365610509899855e+08 5.958641390105312166e+04 9.258729007575539072e-01 1.200000000000000000e+01 1.215886451612900043e-01 3.509961850714000270e-02 1.814576781522576094e-12
1.360000000000000000e+04 7.579366610509899855e+08 5.958641505846053042e+04 9.266701505655419169e-01 1.700000000000000000e+01 1.722505806451599952e-01 4.177690223964999894e-02 2.570650440490303562e-12
1.370000000000000000e+04 7.579367610509899855e+08 5.958641621586793917e+04 9.274674003735867700e-01 1.500000000000000000e+01 1.519858064516100005e-01 3.924256648313000084e-02 2.268220976903182606e-12
1.380000000000000000e+04 7.579368610509899855e+08 5.958641737327534793e+04 9.282646501815747797e-01 7.000000000000000000e+00 7.092670967741999954e-02 2.680777644549999991e-02 1.058503122554848424e-12
1.390000000000000000e+04 7.579369610509899855e+08 5.958641853068275668e+04 9.290618999895627894e-01 1.300000000000000000e+01 1.317210322580600057e-01 3.653284122027000008e-02 1.965791513316062053e-12
1.400000000000000000e+04 7.579370610509899855e+08 5.958641968809015816e+04 9.298591497925485783e-01 1.500000000000000000e+01 1.519858064516100005e-01 3.924256648313000084e-02 2.268220976903182606e-12
1.410000000000000000e+04 7.579371610509899855e+08 5.958642084549756692e+04 9.306563996005365880e-01 1.200000000000000000e+01 1.215886451612900043e-01 3.509961850714000270e-02 1.814576781522576094e-12
1.420000000000000000e+04 7.579372610509899855e+08 5.958642200290497567e+04 9.314536494085245977e-01 1.400000000000000000e+01 1.418534193548399991e-01 3.791192102629999811e-02 2.117006245109696848e-12
1.430000000000000000e+04 7.579373610509899855e+08 5.958642316031238443e+04 9.322508992165126074e-01 1.200000000000000000e+01 1.215886451612900043e-01 3.509961850714000270e-02 1.814576781522576094e-12
1.440000000000000000e+04 7.579374610509899855e+08 5.958642431771979318e+04 9.330481490245006171e-01 1.600000000000000000e+01 1.621181935483899939e-01 4.052954838710000340e-02 2.419435708696817401e-12
1.450000000000000000e+04 7.579375610509899855e+08 5.958642547512719466e+04 9.338453988274864059e-01 8.000000000000000000e+00 8.105909677419000092e-02 2.865871850293999837e-02 1.209717854348334181e-12
1.460000000000000000e+04 7.579376610509899855e+08 5.958642663253461069e+04 9.346426486404766365e-01 1.200000000000000000e+01 1.215886451612900043e-01 3.509961850714000270e-02 1.814576781522576094e-12
1.470000000000000000e+04 7.579377610509899855e+08 5.958642778994201217e+04 9.354398984434624253e-01 1.400000000000000000e+01 1.418534193548399991e-01 3.791192102629999811e-02 2.117006245109696848e-12
1.480000000000000000e+04 7.579378610509899855e+08 5.958642894734942092e+04 9.362371482514504351e-01 1.500000000000000000e+01 1.519858064516100005e-01 3.924256648313000084e-02 2.268220976903182606e-12
1.490000000000000000e+04 7.579379610509899855e+08 5.958643010475682968e+04 9.370343980594384448e-01 1.600000000000000000e+01 1.621181935483899939e-01 4.052954838710000340e-02 2.419435708696817401e-12
1.500000000000000000e+04 7.579380610509899855e+08 5.958643126216423843e+04 9.378316478674832979e-01 1.000000000000000000e+01 1.013238709677399957e-01 3.204142136030999760e-02 1.512147317935454936e-12
1.510000000000000000e+04 7.579381610509899855e+08 5.958643241957164719e+04 9.386288976754713076e-01 1.200000000000000000e+01 1.215886451612900043e-01 3.509961850714000270e-02 1.814576781522576094e-12
1.520000000000000000e+04 7.579382610509899855e+08 5.958643357697904867e+04 9.394261474784570964e-01 1.300000000000000000e+01 1.317210322580600057e-01 3.653284122027000008e-02 1.965791513316062053e-12
1.530000000000000000e+04 7.579383610509899855e+08 5.958643473438645742e+04 9.402233972864451061e-01 1.200000000000000000e+01 1.215886451612900043e-01 3.509961850714000270e-02 1.814576781522576094e-12
1.540000000000000000e+04 7.579384610509899855e+08 5.958643589179386618e+04 9.410206470944331159e-01 1.800000000000000000e+01 1.823829677419399886e-01 4.298807775441999823e-02 2.721865172283938357e-12
1.550000000000000000e+04 7.579385610509899855e+08 5.958643704920127493e+04 9.418178969024211256e-01 1.400000000000000000e+01 1.418534193548399991e-01 3.791192102629999811e-02 2.117006245109696848e-12
1.560000000000000000e+04 7.579386610509899855e+08 5.958643820660868369e+04 9.426151467104091353e-01 6.000000000000000000e+00 6.079432258064999817e-02 2.481917826346000111e-02 9.072883907613625660e-13
1.570000000000000000e+04 7.579387610509899855e+08 5.958643936401608516e+04 9.434123965133949241e-01 1.600000000000000000e+01 1.621181935483899939e-01 4.052954838710000340e-02 2.419435708696817401e-12
1.580000000000000000e+04 7.579388610509899855e+08 5.958644052142349392e+04 9.442096463213829338e-01 9.000000000000000000e+00 9.119148387096999431e-02 3.039716129031999961e-02 1.360932586141969179e-12
1.590000000000000000e+04 7.579389610509899855e+08 5.958644167883090267e+04 9.450068961293709435e-01 1.400000000000000000e+01 1.418534193548399991e-01 3.791192102629999811e-02 2.117006245109696848e-12
1.600000000000000000e+04 7.579390610509899855e+08 5.958644283623831143e+04 9.458041459373589532e-01 1.800000000000000000e+01 1.823829677419399886e-01 4.298807775441999823e-02 2.721865172283938357e-12
1.610000000000000000e+04 7.579391610509899855e+08 5.958644399364572018e+04 9.466013957453469629e-01 1.400000000000000000e+01 1.418534193548399991e-01 3.791192102629999811e-02 2.117006245109696848e-12
1.620000000000000000e+04 7.579392610509899855e+08 5.958644515105312166e+04 9.473986455483327518e-01 8.000000000000000000e+00 8.105909677419000092e-02 2.865871850293999837e-02 1.209717854348334181e-12
1.630000000000000000e+04 7.579393610509899855e+08 5.958644630846053042e+04 9.481958953563207615e-01 8.000000000000000000e+00 8.105909677419000092e-02 2.865871850293999837e-02 1.209717854348334181e-12
1.640000000000000000e+04 7.579394610509899855e+08 5.958644746586793917e+04 9.489931451643087712e-01 1.600000000000000000e+01 1.621181935483899939e-01 4.052954838710000340e-02 2.419435708696817401e-12
1.650000000000000000e+04 7.579395610509899855e+08 5.958644862327534793e+04 9.497903949723536243e-01 1.200000000000000000e+01 1.215886451612900043e-01 3.509961850714000270e-02 1.814576781522576094e-12
1.660000000000000000e+04 7.579396610509899855e+08 5.958644978068275668e+04 9.505876447803416340e-01 9.000000000000000000e+00 9.119148387096999431e-02 3.039716129031999961e-02 1.360932586141969179e-12
1.670000000000000000e+04 7.579397610509899855e+08 5.958645093809015816e+04 9.513848945833274229e-01 1.600000000000000000e+01 1.621181935483899939e-01 4.052954838710000340e-02 2.419435708696817401e-12
1.680000000000000000e+04 7.579398610509899855e+08 5.958645209549756692e+04 9.521821443913154326e-01 1.200000000000000000e+01 1.215886451612900043e-01 3.509961850714000270e-02 1.814576781522576094e-12
1.690000000000000000e+04 7.579399610509899855e+08 5.958645325290497567e+04 9.529793941993034423e-01 1.000000000000000000e+01 1.013238709677399957e-01 3.204142136030999760e-02 1.512147317935454936e-12
1.700000000000000000e+04 7.579400610509899855e+08 5.958645441031238443e+04 9.537766440072914520e-01 8.000000000000000000e+00 8.105909677419000092e-02 2.865871850293999837e-02 1.209717854348334181e-12
1.710000000000000000e+04 7.579401610509899855e+08 5.958645556771979318e+04 9.545738938152794617e-01 1.200000000000000000e+01 1.215886451612900043e-01 3.509961850714000270e-02 1.814576781522576094e-12
1.720000000000000000e+04 7.579402610509899855e+08 5.958645672512719466e+04 9.553711436182652506e-01 1.300000000000000000e+01 1.317210322580600057e-01 3.653284122027000008e-02 1.965791513316062053e-12
1.730000000000000000e+04 7.579403610509899855e+08 5.958645788253461069e+04 9.561683934312554811e-01 1.300000000000000000e+01 1.317210322580600057e-01 3.653284122027000008e-02 1.965791513316062053e-12
1.740000000000000000e+04 7.579404610509899855e+08 5.958645903994201217e+04 9.569656432342412700e-01 1.100000000000000000e+01 1.114562580645200029e-01 3.360532623063999802e-02 1.663362049729090135e-12
1.750000000000000000e+04 7.579405610509899855e+08 5.958646019734942092e+04 9.577628930422292797e-01 1.000000000000000000e+01 1.013238709677399957e-01 3.204142136030999760e-02 1.512147317935454936e-12
1.760000000000000000e+04 7.579406610509899855e+08 5.958646135475682968e+04 9.585601428502172894e-01 1.000000000000000000e+01 1.013238709677399957e-01 3.204142136030999760e-02 1.512147317935454936e-12
1.770000000000000000e+04 7.579407610509899855e+08 5.958646251216423843e+04 9.593573926582052991e-01 1.300000000000000000e+01 1.317210322580600057e-01 3.653284122027000008e-02 1.965791513316062053e-12
1.780000000000000000e+04 7.579408610509899855e+08 5.958646366957164719e+04 9.601546424661933088e-01 1.700000000000000000e+01 1.722505806451599952e-01 4.177690223964999894e-02 2.570650440490303562e-12
1.790000000000000000e+04 7.579409610509899855e+08 5.958646482697904867e+04 9.609518922691790976e-01 1.500000000000000000e+01 1.519858064516100005e-01 3.924256648313000084e-02 2.268220976903182606e-12
1.800000000000000000e+04 7.579410610509899855e+08 5.958646598438645742e+04 9.617491420772239508e-01 9.000000000000000000e+00 9.119148387096999431e-02 3.039716129031999961e-02 1.360932586141969179e-12
1.810000000000000000e+04 7.579411610509899855e+08 5.958646714179386618e+04 9.625463918852119605e-01 9.000000000000000000e+00 9.119148387096999431e-02 3.039716129031999961e-02 1.360932586141969179e-12
1.820000000000000000e+04 7.579412610509899855e+08 5.958646829920127493e+04 9.633436416931999702e-01 1.500000000000000000e+01 1.519858064516100005e-01 3.924256648313000084e-02 2.268220976903182606e-12
1.830000000000000000e+04 7.579413610509899855e+08 5.958646945660868369e+04 9.641408915011879799e-01 6.000000000000000000e+00 6.079432258064999817e-02 2.481917826346000111e-02 9.072883907613625660e-13
1.840000000000000000e+04 7.579414610509899855e+08 5.958647061401608516e+04 9.649381413041737687e-01 1.300000000000000000e+01 1.317210322580600057e-01 3.653284122027000008e-02 1.965791513316062053e-12
1.850000000000000000e+04 7.579415610509899855e+08 5.958647177142349392e+04 9.657353911121617784e-01 1.000000000000000000e+01 1.013238709677399957e-01 3.204142136030999760e-02 1.512147317935454936e-12
1.860000000000000000e+04 7.579416610509899855e+08 5.958647292883090267e+04 9.665326409201497881e-01 1.000000000000000000e+01 1.013238709677399957e-01 3.204142136030999760e-02 1.512147317935454936e-12
1.870000000000000000e+04 7.579417610509899855e+08 5.958647408623831143e+04 9.673298907281377979e-01 1.000000000000000000e+01 1.013238709677399957e-01 3.204142136030999760e-02 1.512147317935454936e-12
1.880000000000000000e+04 7.579418610509899855e+08 5.958647524364572018e+04 9.681271405361258076e-01 1.500000000000000000e+01 1.519858064516100005e-01 3.924256648313000084e-02 2.268220976903182606e-12
1.890000000000000000e+04 7.579419610509899855e+08 5.958647640105312166e+04 9.689243903391115964e-01 1.200000000000000000e+01 1.215886451612900043e-01 3.509961850714000270e-02 1.814576781522576094e-12
1.900000000000000000e+04 7.579420610509899855e+08 5.958647755846053042e+04 9.697216401470996061e-01 2.000000000000000000e+01 2.026477419354799914e-01 4.531341264546000225e-02 3.024294635870909872e-12
1.910000000000000000e+04 7.579421610509899855e+08 5.958647871586793917e+04 9.705188899550876158e-01 1.000000000000000000e+01 1.013238709677399957e-01 3.204142136030999760e-02 1.512147317935454936e-12
1.920000000000000000e+04 7.579422610509899855e+08 5.958647987327534793e+04 9.713161397630756255e-01 1.300000000000000000e+01 1.317210322580600057e-01 3.653284122027000008e-02 1.965791513316062053e-12
1.930000000000000000e+04 7.579423610509899855e+08 5.958648103068275668e+04 9.721133895710636352e-01 1.000000000000000000e+01 1.013238709677399957e-01 3.204142136030999760e-02 1.512147317935454936e-12
1.940000000000000000e+04 7.579424610509899855e+08 5.958648218809015816e+04 9.729106393740494241e-01 1.100000000000000000e+01 1.114562580645200029e-01 3.360532623063999802e-02 1.663362049729090135e-12
1.950000000000000000e+04 7.579425610509899855e+08 5.958648334549756692e+04 9.737078891820942772e-01 1.800000000000000000e+01 1.823829677419399886e-01 4.298807775441999823e-02 2.721865172283938357e-12
1.960000000000000000e+04 7.579426610509899855e+08 5.958648450290497567e+04 9.745051389900822869e-01 1.500000000000000000e+01 1.519858064516100005e-01 3.924256648313000084e-02 2.268220976903182606e-12
1.970000000000000000e+04 7.579427610509899855e+08 5.958648566031238443e+04 9.753023887980702966e-01 1.200000000000000000e+01 1.215886451612900043e-01 3.509961850714000270e-02 1.814576781522576094e-12
1.980000000000000000e+04 7.579428610509899855e+08 5.958648681771979318e+04 9.760996386060583063e-01 1.400000000000000000e+01 1.418534193548399991e-01 3.791192102629999811e-02 2.117006245109696848e-12
1.990000000000000000e+04 7.579429610509899855e+08 5.958648797512719466e+04 9.768968884090440952e-01 1.800000000000000000e+01 1.823829677419399886e-01 4.298807775441999823e-02 2.721865172283938357e-12
2.000000000000000000e+04 7.579430610509899855e+08 5.958648913253461069e+04 9.776941382220343257e-01 1.500000000000000000e+01 1.519858064516100005e-01 3.924256648313000084e-02 2.268220976903182606e-12
2.010000000000000000e+04 7.579431610509899855e+08 5.958649028994201217e+04 9.784913880250201146e-01 2.100000000000000000e+01 2.127801290322600125e-01 4.643243084155999900e-02 3.175509367664545475e-12
2.020000000000000000e+04 7.579432610509899855e+08 5.958649144734942092e+04 9.792886378330081243e-01 1.300000000000000000e+01 1.317210322580600057e-01 3.653284122027000008e-02 1.965791513316062053e-12
2.030000000000000000e+04 7.579433610509899855e+08 5.958649260475682968e+04 9.800858876409961340e-01 1.000000000000000000e+01 1.013238709677399957e-01 3.204142136030999760e-02 1.512147317935454936e-12
2.040000000000000000e+04 7.579434610509899855e+08 5.958649376216423843e+04 9.808831374489841437e-01 1.700000000000000000e+01 1.722505806451599952e-01 4.177690223964999894e-02 2.570650440490303562e-12
2.050000000000000000e+04 7.579435610509899855e+08 5.958649491957164719e+04 9.816803872569721534e-01 1.800000000000000000e+01 1.823829677419399886e-01 4.298807775441999823e-02 2.721865172283938357e-12
2.060000000000000000e+04 7.579436610509899855e+08 5.958649607697904867e+04 9.824776370599579423e-01 1.300000000000000000e+01 1.317210322580600057e-01 3.653284122027000008e-02 1.965791513316062053e-12
2.070000000000000000e+04 7.579437610509899855e+08 5.958649723438645742e+04 9.832748868679459520e-01 1.800000000000000000e+01 1.823829677419399886e-01 4.298807775441999823e-02 2.721865172283938357e-12
2.080000000000000000e+04 7.579438610509899855e+08 5.958649839179386618e+04 9.840721366759339617e-01 2.300000000000000000e+01 2.330449032258100073e-01 4.859322144512000230e-02 3.477938831251666027e-12
2.090000000000000000e+04 7.579439610509899855e+08 5.958649954920127493e+04 9.848693864839788148e-01 1.400000000000000000e+01 1.418534193548399991e-01 3.791192102629999811e-02 2.117006245109696848e-12
2.100000000000000000e+04 7.579440610509899855e+08 5.958650070660868369e+04 9.856666362919668245e-01 2.100000000000000000e+01 2.127801290322600125e-01 4.643243084155999900e-02 3.175509367664545475e-12
2.110000000000000000e+04 7.579441610509899855e+08 5.958650186401608516e+04 9.864638860949526133e-01 1.100000000000000000e+01 1.114562580645200029e-01 3.360532623063999802e-02 1.663362049729090135e-12
2.120000000000000000e+04 7.579442610509899855e+08 5.958650302142349392e+04 9.872611359029406231e-01 8.000000000000000000e+00 8.105909677419000092e-02 2.865871850293999837e-02 1.209717854348334181e-12
2.130000000000000000e+04 7.579443610509899855e+08 5.958650417883090267e+04 9.880583857109286328e-01 1.600000000000000000e+01 1.621181935483899939e-01 4.052954838710000340e-02 2.419435708696817401e-12
2.140000000000000000e+04 7.579444610509899855e+08 5.958650533623831143e+04 9.888556355189166425e-01 1.600000000000000000e+01 1.621181935483899939e-01 4.052954838710000340e-02 2.419435708696817401e-12
2.150000000000000000e+04 7.579445610509899855e+08 5.958650649364572018e+04 9.896528853269046522e-01 2.000000000000000000e+01 2.026477419354799914e-01 4.531341264546000225e-02 3.024294635870909872e-12
2.160000000000000000e+04 7.579446610509899855e+08 5.958650765105312166e+04 9.904501351298904410e-01 1.300000000000000000e+01 1.317210322580600057e-01 3.653284122027000008e-02 1.965791513316062053e-12
2.170000000000000000e+04 7.579447610509899855e+08 5.958650880846053042e+04 9.912473849378784507e-01 1.000000000000000000e+01 1.013238709677399957e-01 3.204142136030999760e-02 1.512147317935454936e-12
2.180000000000000000e+04 7.579448610509899855e+08 5.958650996586793917e+04 9.920446347458664604e-01 1.100000000000000000e+01 1.114562580645200029e-01 3.360532623063999802e-02 1.663362049729090135e-12
2.190000000000000000e+04 7.579449610509899855e+08 5.958651112327534793e+04 9.928418845538544701e-01 9.000000000000000000e+00 9.119148387096999431e-02 3.039716129031999961e-02 1.360932586141969179e-12
2.200000000000000000e+04 7.579450610509899855e+08 5.958651228068275668e+04 9.936391343618424798e-01 1.300000000000000000e+01 1.317210322580600057e-01 3.653284122027000008e-02 1.965791513316062053e-12
2.210000000000000000e+04 7.579451610509899855e+08 5.958651343809015816e+04 9.944363841648282687e-01 2.000000000000000000e+01 2.026477419354799914e-01 4.531341264546000225e-02 3.024294635870909872e-12
2.220000000000000000e+04 7.579452610509899855e+08 5.958651459549756692e+04 9.952336339728162784e-01 7.000000000000000000e+00 7.092670967741999954e-02 2.680777644549999991e-02 1.058503122554848424e-12
2.230000000000000000e+04 7.579453610509899855e+08 5.958651575290497567e+04 9.960308837808042881e-01 1.300000000000000000e+01 1.317210322580600057e-01 3.653284122027000008e-02 1.965791513316062053e-12
2.240000000000000000e+04 7.579454610509899855e+08 5.958651691031238443e+04 9.968281335888491412e-01 1.200000000000000000e+01 1.215886451612900043e-01 3.509961850714000270e-02 1.814576781522576094e-12
2.250000000000000000e+04 7.579455610509899855e+08 5.958651806771979318e+04 9.976253833968371509e-01 1.800000000000000000e+01 1.823829677419399886e-01 4.298807775441999823e-02 2.721865172283938357e-12
2.260000000000000000e+04 7.579456610509899855e+08 5.958651922512719466e+04 9.984226331998229398e-01 9.000000000000000000e+00 9.119148387096999431e-02 3.039716129031999961e-02 1.360932586141969179e-12
2.270000000000000000e+04 7.579457610509899855e+08 5.958652038253461069e+04 9.992198830128131704e-01 9.000000000000000000e+00 9.119148387096999431e-02 3.039716129031999961e-02 1.360932586141969179e-12
2.280000000000000000e+04 7.579458610509899855e+08 5.958652153994201217e+04 1.713281579895920004e-05 1.600000000000000000e+01 1.621181935483899939e-01 4.052954838710000340e-02 2.419435708696817401e-12
2.290000000000000000e+04 7.579459610509899855e+08 5.958652269734942092e+04 8.143826237869689066e-04 1.700000000000000000e+01 1.722505806451599952e-01 4.177690223964999894e-02 2.570650440490303562e-12
2.300000000000000000e+04 7.579460610509899855e+08 5.958652385475682968e+04 1.611632431774978613e-03 1.300000000000000000e+01 1.317210322580600057e-01 3.653284122027000008e-02 1.965791513316062053e-12
2.310000000000000000e+04 7.579461610509899855e+08 5.958652501216423843e+04 2.408882239762988320e-03 1.600000000000000000e+01 1.621181935483899939e-01 4.052954838710000340e-02 2.419435708696817401e-12
2.320000000000000000e+04 7.579462610509899855e+08 5.958652616957164719e+04 3.206132047750998026e-03 1.400000000000000000e+01 1.418534193548399991e-01 3.791192102629999811e-02 2.117006245109696848e-12
2.330000000000000000e+04 7.579463610509899855e+08 5.958652732697904867e+04 4.003381850736786873e-03 2.000000000000000000e+01 2.026477419354799914e-01 4.531341264546000225e-02 3.024294635870909872e-12
2.340000000000000000e+04 7.579464610509899855e+08 5.958652848438645742e+04 4.800631658724796580e-03 1.500000000000000000e+01 1.519858064516100005e-01 3.924256648313000084e-02 2.268220976903182606e-12
2.350000000000000000e+04 7.579465610509899855e+08 5.958652964179386618e+04 5.597881466712806287e-03 1.500000000000000000e+01 1.519858064516100005e-01 3.924256648313000084e-02 2.268220976903182606e-12
2.360000000000000000e+04 7.579466610509899855e+08 5.958653079920127493e+04 6.395131274700815993e-03 9.000000000000000000e+00 9.119148387096999431e-02 3.039716129031999961e-02 1.360932586141969179e-12
2.370000000000000000e+04 7.579467610509899855e+08 5.958653195660868369e+04 7.192381082745669119e-03 9.000000000000000000e+00 9.119148387096999431e-02 3.039716129031999961e-02 1.360932586141969179e-12
2.380000000000000000e+04 7.579468610509899855e+08 5.958653311401608516e+04 7.989630885674614547e-03 1.600000000000000000e+01 1.621181935483899939e-01 4.052954838710000340e-02 2.419435708696817401e-12
2.390000000000000000e+04 7.579469610509899855e+08 5.958653427142349392e+04 8.786880693719467672e-03 1.400000000000000000e+01 1.418534193548399991e-01 3.791192102629999811e-02 2.117006245109696848e-12
2.400000000000000000e+04 7.579470610509899855e+08 5.958653542883090267e+04 9.584130501707477379e-03 8.000000000000000000e+00 8.105909677419000092e-02 2.865871850293999837e-02 1.209717854348334181e-12
2.410000000000000000e+04 7.579471610509899855e+08 5.958653658623831143e+04 1.038138030969548709e-02 1.200000000000000000e+01 1.215886451612900043e-01 3.509961850714000270e-02 1.814576781522576094e-12
2.420000000000000000e+04 7.579472610509899855e+08 5.958653774364572018e+04 1.117863011768349679e-02 1.100000000000000000e+01 1.114562580645200029e-01 3.360532623063999802e-02 1.663362049729090135e-12
2.430000000000000000e+04 7.579473610509899855e+08 5.958653890105312166e+04 1.197587992066928564e-02 1.300000000000000000e+01 1.317210322580600057e-01 3.653284122027000008e-02 1.965791513316062053e-12
2.440000000000000000e+04 7.579474610509899855e+08 5.958654005846053042e+04 1.277312972865729535e-02 1.400000000000000000e+01 1.418534193548399991e-01 3.791192102629999811e-02 2.117006245109696848e-12
2.450000000000000000e+04 7.579475610509899855e+08 5.958654121586793917e+04 1.357037953664530505e-02 1.600000000000000000e+01 1.621181935483899939e-01 4.052954838710000340e-02 2.419435708696817401e-12
2.460000000000000000e+04 7.579476610509899855e+08 5.958654237327534793e+04 1.436762934463331476e-02 1.100000000000000000e+01 1.114562580645200029e-01 3.360532623063999802e-02 1.663362049729090135e-12
2.470000000000000000e+04 7.579477610509899855e+08 5.958654353068275668e+04 1.516487915262132447e-02 1.400000000000000000e+01 1.418534193548399991e-01 3.791192102629999811e-02 2.117006245109696848e-12
2.480000000000000000e+04 7.579478610509899855e+08 5.958654468809015816e+04 1.596212895560711331e-02 1.500000000000000000e+01 1.519858064516100005e-01 3.924256648313000084e-02 2.268220976903182606e-12
2.490000000000000000e+04 7.579479610509899855e+08 5.958654584549756692e+04 1.675937876359512302e-02 2.100000000000000000e+01 2.127801290322600125e-01 4.643243084155999900e-02 3.175509367664545475e-12
2.500000000000000000e+04 7.579480610509899855e+08 5.958654700290497567e+04 1.755662857158313273e-02 2.100000000000000000e+01 2.127801290322600125e-01 4.643243084155999900e-02 3.175509367664545475e-12
2.510000000000000000e+04 7.579481610509899855e+08 5.958654816031238443e+04 1.835387837957114243e-02 1.500000000000000000e+01 1.519858064516100005e-01 3.924256648313000084e-02 2.268220976903182606e-12
2.520000000000000000e+04 7.579482610509899855e+08 5.958654931771979318e+04 1.915112818755915214e-02 7.000000000000000000e+00 7.092670967741999954e-02 2.680777644549999991e-02 1.058503122554848424e-12
2.530000000000000000e+04 7.579483610509899855e+08 5.958655047512719466e+04 1.994837799054494099e-02 9.000000000000000000e+00 9.119148387096999431e-02 3.039716129031999961e-02 1.360932586141969179e-12
2.540000000000000000e+04 7.579484610509899855e+08 5.958655163253461069e+04 2.074562780359201497e-02 1.000000000000000000e+01 1.013238709677399957e-01 3.204142136030999760e-02 1.512147317935454936e-12
2.550000000000000000e+04 7.579485610509899855e+08 5.958655278994201217e+04 2.154287760657780382e-02 1.600000000000000000e+01 1.621181935483899939e-01 4.052954838710000340e-02 2.419435708696817401e-12
2.560000000000000000e+04 7.579486610509899855e+08 5.958655394734942092e+04 2.234012741456581352e-02 1.300000000000000000e+01 1.317210322580600057e-01 3.653284122027000008e-02 1.965791513316062053e-12
2.570000000000000000e+04 7.579487610509899855e+08 5.958655510475682968e+04 2.313737722255382323e-02 1.400000000000000000e+01 1.418534193548399991e-01 3.791192102629999811e-02 2.117006245109696848e-12
2.580000000000000000e+04 7.579488610509899855e+08 5.958655626216423843e+04 2.393462703054183294e-02 1.000000000000000000e+01 1.013238709677399957e-01 3.204142136030999760e-02 1.512147317935454936e-12
2.590000000000000000e+04 7.579489610509899855e+08 5.958655741957164719e+04 2.473187683852984264e-02 1.400000000000000000e+01 1.418534193548399991e-01 3.791192102629999811e-02 2.117006245109696848e-12
2.600000000000000000e+04 7.579490610509899855e+08 5.958655857697904867e+04 2.552912664151563149e-02 1.400000000000000000e+01 1.418534193548399991e-01 3.791192102629999811e-02 2.117006245109696848e-12
2.610000000000000000e+04 7.579491610509899855e+08 5.958655973438645742e+04 2.632637644950364120e-02 1.600000000000000000e+01 1.621181935483899939e-01 4.052954838710000340e-02 2.419435708696817401e-12
2.620000000000000000e+04 7.579492610509899855e+08 5.958656089179386618e+04 2.712362625749165090e-02 1.200000000000000000e+01 1.215886451612900043e-01 3.509961850714000270e-02 1.814576781522576094e-12
2.630000000000000000e+04 7.579493610509899855e+08 5.958656204920127493e+04 2.792087606547966061e-02 2.000000000000000000e+01 2.026477419354799914e-01 4.531341264546000225e-02 3.024294635870909872e-12
2.640000000000000000e+04 7.579494610509899855e+08 5.958656320660868369e+04 2.871812587346767032e-02 7.000000000000000000e+00 7.092670967741999954e-02 2.680777644549999991e-02 1.058503122554848424e-12
2.650000000000000000e+04 7.579495610509899855e+08 5.958656436401608516e+04 2.951537567645345916e-02 1.100000000000000000e+01 1.114562580645200029e-01 3.360532623063999802e-02 1.663362049729090135e-12
2.660000000000000000e+04 7.579496610509899855e+08 5.958656552142349392e+04 3.031262548444146887e-02 8.000000000000000000e+00 8.105909677419000092e-02 2.865871850293999837e-02 1.209717854348334181e-12
2.670000000000000000e+04 7.579497610509899855e+08 5.958656667883090267e+04 3.110987529242947858e-02 7.000000000000000000e+00 7.092670967741999954e-02 2.680777644549999991e-02 1.058503122554848424e-12
2.680000000000000000e+04 7.579498610509899855e+08 5.958656783623831143e+04 3.190712510047433170e-02 1.900000000000000000e+01 1.925153548387099900e-01 4.416605141167000148e-02 2.873079904077424114e-12
2.690000000000000000e+04 7.579499610509899855e+08 5.958656899364572018e+04 3.270437490846234141e-02 1.200000000000000000e+01 1.215886451612900043e-01 3.509961850714000270e-02 1.814576781522576094e-12
2.700000000000000000e+04 7.579500610509899855e+08 5.958657015105312166e+04 3.350162471144813026e-02 1.200000000000000000e+01 1.215886451612900043e-01 3.509961850714000270e-02 1.814576781522576094e-12
2.710000000000000000e+04 7.579501610509899855e+08 5.958657130846053042e+04 3.429887451943613996e-02 2.100000000000000000e+01 2.127801290322600125e-01 4.643243084155999900e-02 3.175509367664545475e-12
2.720000000000000000e+04 7.579502610509899855e+08 5.958657246586793917e+04 3.509612432742414967e-02 1.500000000000000000e+01 1.519858064516100005e-01 3.924256648313000084e-02 2.268220976903182606e-12
2.730000000000000000e+04 7.579503610509899855e+08 5.958657362327534793e+04 3.589337413541215938e-02 1.300000000000000000e+01 1.317210322580600057e-01 3.653284122027000008e-02 1.965791513316062053e-12
2.740000000000000000e+04 7.579504610509899855e+08 5.958657478068275668e+04 3.669062394340016908e-02 9.000000000000000000e+00 9.119148387096999431e-02 3.039716129031999961e-02 1.360932586141969179e-12
2.750000000000000000e+04 7.579505610509899855e+08 5.958657593809015816e+04 3.748787374638595793e-02 1.100000000000000000e+01 1.114562580645200029e-01 3.360532623063999802e-02 1.663362049729090135e-12
2.760000000000000000e+04 7.579506610509899855e+08 5.958657709549756692e+04 3.828512355437396764e-02 9.000000000000000000e+00 9.119148387096999431e-02 3.039716129031999961e-02 1.360932586141969179e-12
2.770000000000000000e+04 7.579507610509899855e+08 5.958657825290497567e+04 3.908237336236197734e-02 1.000000000000000000e+01 1.013238709677399957e-01 3.204142136030999760e-02 1.512147317935454936e-12
2.780000000000000000e+04 7.579508610509899855e+08 5.958657941031238443e+04 3.987962317034998705e-02 1.400000000000000000e+01 1.418534193548399991e-01 3.791192102629999811e-02 2.117006245109696848e-12
2.790000000000000000e+04 7.579509610509899855e+08 5.958658056771979318e+04 4.067687297833799676e-02 1.000000000000000000e+01 1.013238709677399957e-01 3.204142136030999760e-02 1.512147317935454936e-12
2.800000000000000000e+04 7.579510610509899855e+08 5.958658172512719466e+04 4.147412278132378560e-02 1.000000000000000000e+01 1.013238709677399957e-01 3.204142136030999760e-02 1.512147317935454936e-12
2.810000000000000000e+04 7.579511610509899855e+08 5.958658288253461069e+04 4.227137259437085959e-02 1.200000000000000000e+01 1.215886451612900043e-01 3.509961850714000270e-02 1.814576781522576094e-12
2.820000000000000000e+04 7.579512610509899855e+08 5.958658403994201217e+04 4.306862239729980502e-02 6.000000000000000000e+00 6.079432258064999817e-02 2.481917826346000111e-02 9.072883907613625660e-13
2.830000000000000000e+04 7.579513610509899855e+08 5.958658519734942092e+04 4.386587220534465814e-02 1.600000000000000000e+01 1.621181935483899939e-01 4.052954838710000340e-02 2.419435708696817401e-12
2.840000000000000000e+04 7.579514610509899855e+08 5.958658635475682968e+04 4.466312201333266785e-02 8.000000000000000000e+00 8.105909677419000092e-02 2.865871850293999837e-02 1.209717854348334181e-12
2.850000000000000000e+04 7.579515610509899855e+08 5.958658751216423843e+04 4.546037182132067755e-02 1.100000000000000000e+01 1.114562580645200029e-01 3.360532623063999802e-02 1.663362049729090135e-12
2.860000000000000000e+04 7.579516610509899855e+08 5.958658866957164719e+04 4.625762162930868726e-02 1.800000000000000000e+01 1.823829677419399886e-01 4.298807775441999823e-02 2.721865172283938357e-12
2.870000000000000000e+04 7.579517610509899855e+08 5.958658982697904867e+04 4.705487143229447611e-02 1.200000000000000000e+01 1.215886451612900043e-01 3.509961850714000270e-02 1.814576781522576094e-12
2.880000000000000000e+04 7.579518610509899855e+08 5.958659098438645742e+04 4.785212124028248581e-02 1.400000000000000000e+01 1.418534193548399991e-01 3.791192102629999811e-02 2.117006245109696848e-12
2.890000000000000000e+04 7.579519610509899855e+08 5.958659214179386618e+04 4.864937104827049552e-02 1.400000000000000000e+01 1.418534193548399991e-01 3.791192102629999811e-02 2.117006245109696848e-12
2.900000000000000000e+04 7.579520610509899855e+08 5.958659329920127493e+04 4.944662085625850523e-02 1.200000000000000000e+01 1.215886451612900043e-01 3.509961850714000270e-02 1.814576781522576094e-12
2.910000000000000000e+04 7.579521610509899855e+08 5.958659445660868369e+04 5.024387066424651493e-02 1.300000000000000000e+01 1.317210322580600057e-01 3.653284122027000008e-02 1.965791513316062053e-12
2.920000000000000000e+04 7.579522610509899855e+08 5.958659561401608516e+04 5.104112046723230378e-02 8.000000000000000000e+00 8.105909677419000092e-02 2.865871850293999837e-02 1.209717854348334181e-12
2.930000000000000000e+04 7.579523610509899855e+08 5.958659677142349392e+04 5.183837027522031349e-02 1.500000000000000000e+01 1.519858064516100005e-01 3.924256648313000084e-02 2.268220976903182606e-12
2.940000000000000000e+04 7.579524610509899855e+08 5.958659792883090267e+04 5.263562008320832319e-02 1.200000000000000000e+01 1.215886451612900043e-01 3.509961850714000270e-02 1.814576781522576094e-12
2.950000000000000000e+04 7.579525610509899855e+08 5.958659908623831143e+04 5.343286989119633290e-02 1.300000000000000000e+01 1.317210322580600057e-01 3.653284122027000008e-02 1.965791513316062053e-12
2.960000000000000000e+04 7.579526610509899855e+08 5.958660024364572018e+04 5.423011969924118603e-02 1.400000000000000000e+01 1.418534193548399991e-01 3.791192102629999811e-02 2.117006245109696848e-12
2.970000000000000000e+04 7.579527610509899855e+08 5.958660140105312166e+04 5.502736950217013145e-02 1.400000000000000000e+01 1.418534193548399991e-01 3.791192102629999811e-02 2.117006245109696848e-12
2.980000000000000000e+04 7.579528610509899855e+08 5.958660255846053042e+04 5.582461931021498458e-02 1.300000000000000000e+01 1.317210322580600057e-01 3.653284122027000008e-02 1.965791513316062053e-12
2.990000000000000000e+04 7.579529610509899855e+08 5.958660371586793917e+04 5.662186911820299429e-02 1.300000000000000000e+01 1.317210322580600057e-01 3.653284122027000008e-02 1.965791513316062053e-12
3.000000000000000000e+04 7.579530610509899855e+08 5.958660487327534793e+04 5.741911892619100399e-02 9.000000000000000000e+00 9.119148387096999431e-02 3.039716129031999961e-02 1.360932586141969179e-12
3.010000000000000000e+04 7.579531610509899855e+08 5.958660603068275668e+04 5.821636873417901370e-02 1.100000000000000000e+01 1.114562580645200029e-01 3.360532623063999802e-02 1.663362049729090135e-12
3.020000000000000000e+04 7.579532610509899855e+08 5.958660718809015816e+04 5.901361853716480255e-02 1.300000000000000000e+01 1.317210322580600057e-01 3.653284122027000008e-02 1.965791513316062053e-12
3.030000000000000000e+04 7.579533610509899855e+08 5.958660834549756692e+04 5.981086834515281225e-02 1.200000000000000000e+01 1.215886451612900043e-01 3.509961850714000270e-02 1.814576781522576094e-12
3.040000000000000000e+04 7.579534610509899855e+08 5.958660950290497567e+04 6.060811815314082196e-02 1.100000000000000000e+01 1.114562580645200029e-01 3.360532623063999802e-02 1.663362049729090135e-12
3.050000000000000000e+04 7.579535610509899855e+08 5.958661066031238443e+04 6.140536796112883167e-02 1.300000000000000000e+01 1.317210322580600057e-01 3.653284122027000008e-02 1.965791513316062053e-12
3.060000000000000000e+04 7.579536610509899855e+08 5.958661181771979318e+04 6.220261776911684137e-02 9.000000000000000000e+00 9.119148387096999431e-02 3.039716129031999961e-02 1.360932586141969179e-12
3.070000000000000000e+04 7.579537610509899855e+08 5.958661297512719466e+04 6.299986757210263022e-02 1.800000000000000000e+01 1.823829677419399886e-01 4.298807775441999823e-02 2.721865172283938357e-12
3.080000000000000000e+04 7.579538610509899855e+08 5.958661413253461069e+04 6.379711738509286079e-02 1.100000000000000000e+01 1.114562580645200029e-01 3.360532623063999802e-02 1.663362049729090135e-12
3.090000000000000000e+04 7.579539610509899855e+08 5.958661528994201217e+04 6.459436718807864963e-02 1.400000000000000000e+01 1.418534193548399991e-01 3.791192102629999811e-02 2.117006245109696848e-12
3.100000000000000000e+04 7.579540610509899855e+08 5.958661644734942092e+04 6.539161699606665934e-02 3.000000000000000000e+00 1.463669974617400060e-01 8.450502538500999361e-02 2.184366433419261841e-12
3.110000000000000000e+04 7.579541610509899855e+08 5.958661760475682968e+04 6.618886680405466905e-02 0.000000000000000000e+00 0.000000000000000000e+00 0.000000000000000000e+00 0.000000000000000000e+00
3.120000000000000000e+04 7.579542610509899855e+08 5.958661876216423843e+04 6.698611661209952217e-02 0.000000000000000000e+00 0.000000000000000000e+00 0.000000000000000000e+00 0.000000000000000000e+00
3.130000000000000000e+04 7.579543610509899855e+08 5.958661991957164719e+04 6.778336642008753188e-02 0.000000000000000000e+00 0.000000000000000000e+00 0.000000000000000000e+00 0.000000000000000000e+00
3.140000000000000000e+04 7.579544610509899855e+08 5.958662107697904867e+04 6.858061622307332073e-02 0.000000000000000000e+00 0.000000000000000000e+00 0.000000000000000000e+00 0.000000000000000000e+00
3.150000000000000000e+04 7.579545610509899855e+08 5.958662223438645742e+04 6.937786603106133043e-02 0.000000000000000000e+00 0.000000000000000000e+00 0.000000000000000000e+00 0.000000000000000000e+00
3.160000000000000000e+04 7.579546610509899855e+08 5.958662339179386618e+04 7.017511583904934014e-02 0.000000000000000000e+00 0.000000000000000000e+00 0.000000000000000000e+00 0.000000000000000000e+00
3.170000000000000000e+04 7.579547610509899855e+08 5.958662454920127493e+04 7.097236564703734985e-02 0.000000000000000000e+00 0.000000000000000000e+00 0.000000000000000000e+00 0.000000000000000000e+00
3.180000000000000000e+04 7.579548610509899855e+08 5.958662570660868369e+04 7.176961545502535955e-02 0.000000000000000000e+00 0.000000000000000000e+00 0.000000000000000000e+00 0.000000000000000000e+00
