# Columns: dt, t_raw, mjd, phase, counts, rate, rate_err, flux_t
# 
0.000000000000000000e+00 8.781512773824199438e+08 6.097778793266689900e+04 3.374669174802420457e-01 0.000000000000000000e+00 0.000000000000000000e+00 0.000000000000000000e+00 0.000000000000000000e+00
1.000000000000000000e+02 8.781513773824199438e+08 6.097778909007430775e+04 3.382641672883437423e-01 0.000000000000000000e+00 0.000000000000000000e+00 0.000000000000000000e+00 0.000000000000000000e+00
2.000000000000000000e+02 8.781514773824199438e+08 6.097779024748170923e+04 3.390614170912158443e-01 0.000000000000000000e+00 0.000000000000000000e+00 0.000000000000000000e+00 0.000000000000000000e+00
3.000000000000000000e+02 8.781515773824199438e+08 6.097779140488911798e+04 3.398586668993175408e-01 0.000000000000000000e+00 0.000000000000000000e+00 0.000000000000000000e+00 0.000000000000000000e+00
4.000000000000000000e+02 8.781516773824199438e+08 6.097779256229652674e+04 3.406559167071918637e-01 0.000000000000000000e+00 0.000000000000000000e+00 0.000000000000000000e+00 0.000000000000000000e+00
5.000000000000000000e+02 8.781517773824199438e+08 6.097779371970393549e+04 3.414531665152935602e-01 0.000000000000000000e+00 0.000000000000000000e+00 0.000000000000000000e+00 0.000000000000000000e+00
6.000000000000000000e+02 8.781518773824199438e+08 6.097779487711134425e+04 3.422504163231678831e-01 0.000000000000000000e+00 0.000000000000000000e+00 0.000000000000000000e+00 0.000000000000000000e+00
7.000000000000000000e+02 8.781519773824199438e+08 6.097779603451874573e+04 3.430476661262673588e-01 0.000000000000000000e+00 0.000000000000000000e+00 0.000000000000000000e+00 0.000000000000000000e+00
8.000000000000000000e+02 8.781520773824199438e+08 6.097779719192615448e+04 3.438449159341416816e-01 1.000000000000000000e+00 3.343183285048999948e-02 3.343183285048999948e-02 6.511451220624236761e-13
9.000000000000000000e+02 8.781521773824199438e+08 6.097779834933356324e+04 3.446421657422433782e-01 3.000000000000000000e+00 3.039716129031999961e-02 1.754980925357000135e-02 5.920394310193046025e-13
1.000000000000000000e+03 8.781522773824199438e+08 6.097779950674097199e+04 3.454394155503450747e-01 2.000000000000000000e+00 2.026477419355000170e-02 1.432935925146999918e-02 3.946929540129347119e-13
1.100000000000000000e+03 8.781523773824199438e+08 6.097780066414838075e+04 3.462366653582193976e-01 3.000000000000000000e+00 3.039716129031999961e-02 1.754980925357000135e-02 5.920394310193046025e-13
1.200000000000000000e+03 8.781524773824199438e+08 6.097780182155578223e+04 3.470339151613188733e-01 5.000000000000000000e+00 5.066193548386999784e-02 2.265670632273000112e-02 9.867323850322392640e-13
1.300000000000000000e+03 8.781525773824199438e+08 6.097780297896319826e+04 3.478311649741954170e-01 4.000000000000000000e+00 4.052954838710000340e-02 2.026477419355000170e-02 7.893859080258694238e-13
1.400000000000000000e+03 8.781526773824199438e+08 6.097780413637059974e+04 3.486284147772948927e-01 5.000000000000000000e+00 5.066193548386999784e-02 2.265670632273000112e-02 9.867323850322392640e-13
1.500000000000000000e+03 8.781527773824199438e+08 6.097780529377800849e+04 3.494256645851692156e-01 2.000000000000000000e+00 2.026477419355000170e-02 1.432935925146999918e-02 3.946929540129347119e-13
1.600000000000000000e+03 8.781528773824199438e+08 6.097780645118541725e+04 3.502229143932709121e-01 2.000000000000000000e+00 2.026477419355000170e-02 1.432935925146999918e-02 3.946929540129347119e-13
1.700000000000000000e+03 8.781529773824199438e+08 6.097780760859282600e+04 3.510201642011452350e-01 7.000000000000000000e+00 7.092670967741999954e-02 2.680777644549999991e-02 1.381425339045174026e-12
1.800000000000000000e+03 8.781530773824199438e+08 6.097780876600023475e+04 3.518174140092469315e-01 4.000000000000000000e+00 4.052954838710000340e-02 2.026477419355000170e-02 7.893859080258694238e-13
1.900000000000000000e+03 8.781531773824199438e+08 6.097780992340763623e+04 3.526146638121190335e-01 1.000000000000000000e+00 1.013238709676999964e-02 1.013238709676999964e-02 1.973464770063699411e-13
2.000000000000000000e+03 8.781532773824199438e+08 6.097781108081504499e+04 3.534119136202207301e-01 3.000000000000000000e+00 3.039716129031999961e-02 1.754980925357000135e-02 5.920394310193046025e-13
2.100000000000000000e+03 8.781533773824199438e+08 6.097781223822245374e+04 3.542091634280950530e-01 8.000000000000000000e+00 8.105909677419000092e-02 2.865871850293999837e-02 1.578771816051543967e-12
2.200000000000000000e+03 8.781534773824199438e+08 6.097781339562986250e+04 3.550064132361967495e-01 5.000000000000000000e+00 5.066193548386999784e-02 2.265670632273000112e-02 9.867323850322392640e-13
2.300000000000000000e+03 8.781535773824199438e+08 6.097781455303727125e+04 3.558036630440710724e-01 7.000000000000000000e+00 7.092670967741999954e-02 2.680777644549999991e-02 1.381425339045174026e-12
2.400000000000000000e+03 8.781536773824199438e+08 6.097781571044467273e+04 3.566009128471705480e-01 5.000000000000000000e+00 5.066193548386999784e-02 2.265670632273000112e-02 9.867323850322392640e-13
2.500000000000000000e+03 8.781537773824199438e+08 6.097781686785208149e+04 3.573981626550448709e-01 5.000000000000000000e+00 5.066193548386999784e-02 2.265670632273000112e-02 9.867323850322392640e-13
2.600000000000000000e+03 8.781538773824199438e+08 6.097781802525949024e+04 3.581954124631465675e-01 5.000000000000000000e+00 5.066193548386999784e-02 2.265670632273000112e-02 9.867323850322392640e-13
2.700000000000000000e+03 8.781539773824199438e+08 6.097781918266689900e+04 3.589926622710208903e-01 4.000000000000000000e+00 4.052954838710000340e-02 2.026477419355000170e-02 7.893859080258694238e-13
2.800000000000000000e+03 8.781540773824199438e+08 6.097782034007430775e+04 3.597899120791225869e-01 1.000000000000000000e+00 1.013238709676999964e-02 1.013238709676999964e-02 1.973464770063699411e-13
2.900000000000000000e+03 8.781541773824199438e+08 6.097782149748170923e+04 3.605871618819946889e-01 2.000000000000000000e+00 2.026477419355000170e-02 1.432935925146999918e-02 3.946929540129347119e-13
3.000000000000000000e+03 8.781542773824199438e+08 6.097782265488911798e+04 3.613844116900963854e-01 2.000000000000000000e+00 2.026477419355000170e-02 1.432935925146999918e-02 3.946929540129347119e-13
3.100000000000000000e+03 8.781543773824199438e+08 6.097782381229652674e+04 3.621816614979707083e-01 4.000000000000000000e+00 4.052954838710000340e-02 2.026477419355000170e-02 7.893859080258694238e-13
3.200000000000000000e+03 8.781544773824199438e+08 6.097782496970393549e+04 3.629789113060724048e-01 3.000000000000000000e+00 3.039716129031999961e-02 1.754980925357000135e-02 5.920394310193046025e-13
3.300000000000000000e+03 8.781545773824199438e+08 6.097782612711134425e+04 3.637761611139467277e-01 2.000000000000000000e+00 2.026477419355000170e-02 1.432935925146999918e-02 3.946929540129347119e-13
3.400000000000000000e+03 8.781546773824199438e+08 6.097782728451874573e+04 3.645734109170462034e-01 5.000000000000000000e+00 5.066193548386999784e-02 2.265670632273000112e-02 9.867323850322392640e-13
3.500000000000000000e+03 8.781547773824199438e+08 6.097782844192615448e+04 3.653706607249205263e-01 2.000000000000000000e+00 2.026477419355000170e-02 1.432935925146999918e-02 3.946929540129347119e-13
3.600000000000000000e+03 8.781548773824199438e+08 6.097782959933356324e+04 3.661679105330222228e-01 3.000000000000000000e+00 3.039716129031999961e-02 1.754980925357000135e-02 5.920394310193046025e-13
3.700000000000000000e+03 8.781549773824199438e+08 6.097783075674097199e+04 3.669651603408965457e-01 2.000000000000000000e+00 2.026477419355000170e-02 1.432935925146999918e-02 3.946929540129347119e-13
3.800000000000000000e+03 8.781550773824199438e+08 6.097783191414838075e+04 3.677624101489982422e-01 5.000000000000000000e+00 5.066193548386999784e-02 2.265670632273000112e-02 9.867323850322392640e-13
3.900000000000000000e+03 8.781551773824199438e+08 6.097783307155578223e+04 3.685596599518703442e-01 4.000000000000000000e+00 4.052954838710000340e-02 2.026477419355000170e-02 7.893859080258694238e-13
4.000000000000000000e+03 8.781552773824199438e+08 6.097783422896319826e+04 3.693569097649742616e-01 2.000000000000000000e+00 2.026477419355000170e-02 1.432935925146999918e-02 3.946929540129347119e-13
4.100000000000000000e+03 8.781553773824199438e+08 6.097783538637059974e+04 3.701541595680737373e-01 4.000000000000000000e+00 4.052954838710000340e-02 2.026477419355000170e-02 7.893859080258694238e-13
4.200000000000000000e+03 8.781554773824199438e+08 6.097783654377800849e+04 3.709514093759480602e-01 1.000000000000000000e+00 1.013238709676999964e-02 1.013238709676999964e-02 1.973464770063699411e-13
4.300000000000000000e+03 8.781555773824199438e+08 6.097783770118541725e+04 3.717486591840497567e-01 4.000000000000000000e+00 4.052954838710000340e-02 2.026477419355000170e-02 7.893859080258694238e-13
4.400000000000000000e+03 8.781556773824199438e+08 6.097783885859282600e+04 3.725459089919240796e-01 2.000000000000000000e+00 2.026477419355000170e-02 1.432935925146999918e-02 3.946929540129347119e-13
4.500000000000000000e+03 8.781557773824199438e+08 6.097784001600023475e+04 3.733431588000257761e-01 2.000000000000000000e+00 2.026477419355000170e-02 1.432935925146999918e-02 3.946929540129347119e-13
4.600000000000000000e+03 8.781558773824199438e+08 6.097784117340763623e+04 3.741404086028978782e-01 4.000000000000000000e+00 4.052954838710000340e-02 2.026477419355000170e-02 7.893859080258694238e-13
4.700000000000000000e+03 8.781559773824199438e+08 6.097784233081504499e+04 3.749376584109995747e-01 5.000000000000000000e+00 5.066193548386999784e-02 2.265670632273000112e-02 9.867323850322392640e-13
4.800000000000000000e+03 8.781560773824199438e+08 6.097784348822245374e+04 3.757349082188738976e-01 3.000000000000000000e+00 3.039716129031999961e-02 1.754980925357000135e-02 5.920394310193046025e-13
4.900000000000000000e+03 8.781561773824199438e+08 6.097784464562986250e+04 3.765321580269755941e-01 5.000000000000000000e+00 5.066193548386999784e-02 2.265670632273000112e-02 9.867323850322392640e-13
5.000000000000000000e+03 8.781562773824199438e+08 6.097784580303727125e+04 3.773294078348499170e-01 4.000000000000000000e+00 4.052954838710000340e-02 2.026477419355000170e-02 7.893859080258694238e-13
5.100000000000000000e+03 8.781563773824199438e+08 6.097784696044467273e+04 3.781266576379493927e-01 4.000000000000000000e+00 4.052954838710000340e-02 2.026477419355000170e-02 7.893859080258694238e-13
5.200000000000000000e+03 8.781564773824199438e+08 6.097784811785208149e+04 3.789239074458237155e-01 2.000000000000000000e+00 2.026477419355000170e-02 1.432935925146999918e-02 3.946929540129347119e-13
5.300000000000000000e+03 8.781565773824199438e+08 6.097784927525949024e+04 3.797211572539254121e-01 9.000000000000000000e+00 9.119148387096999431e-02 3.039716129031999961e-02 1.776118293058108587e-12
5.400000000000000000e+03 8.781566773824199438e+08 6.097785043266689900e+04 3.805184070617997349e-01 3.000000000000000000e+00 3.039716129031999961e-02 1.754980925357000135e-02 5.920394310193046025e-13
5.500000000000000000e+03 8.781567773824199438e+08 6.097785159007430775e+04 3.813156568699014315e-01 8.000000000000000000e+00 8.105909677419000092e-02 2.865871850293999837e-02 1.578771816051543967e-12
5.600000000000000000e+03 8.781568773824199438e+08 6.097785274748170923e+04 3.821129066727735335e-01 3.000000000000000000e+00 3.039716129031999961e-02 1.754980925357000135e-02 5.920394310193046025e-13
5.700000000000000000e+03 8.781569773824199438e+08 6.097785390488911798e+04 3.829101564808752300e-01 3.000000000000000000e+00 3.039716129031999961e-02 1.754980925357000135e-02 5.920394310193046025e-13
5.800000000000000000e+03 8.781570773824199438e+08 6.097785506229652674e+04 3.837074062887495529e-01 5.000000000000000000e+00 5.066193548386999784e-02 2.265670632273000112e-02 9.867323850322392640e-13
5.900000000000000000e+03 8.781571773824199438e+08 6.097785621970393549e+04 3.845046560968512495e-01 2.000000000000000000e+00 2.026477419355000170e-02 1.432935925146999918e-02 3.946929540129347119e-13
6.000000000000000000e+03 8.781572773824199438e+08 6.097785737711134425e+04 3.853019059047255723e-01 5.000000000000000000e+00 5.066193548386999784e-02 2.265670632273000112e-02 9.867323850322392640e-13
6.100000000000000000e+03 8.781573773824199438e+08 6.097785853451874573e+04 3.860991557078250480e-01 7.000000000000000000e+00 7.092670967741999954e-02 2.680777644549999991e-02 1.381425339045174026e-12
6.200000000000000000e+03 8.781574773824199438e+08 6.097785969192615448e+04 3.868964055156993709e-01 9.000000000000000000e+00 9.119148387096999431e-02 3.039716129031999961e-02 1.776118293058108587e-12
6.300000000000000000e+03 8.781575773824199438e+08 6.097786084933356324e+04 3.876936553238010674e-01 2.000000000000000000e+00 2.026477419355000170e-02 1.432935925146999918e-02 3.946929540129347119e-13
6.400000000000000000e+03 8.781576773824199438e+08 6.097786200674097199e+04 3.884909051316753903e-01 0.000000000000000000e+00 0.000000000000000000e+00 0.000000000000000000e+00 0.000000000000000000e+00
6.500000000000000000e+03 8.781577773824199438e+08 6.097786316414838075e+04 3.892881549397770868e-01 2.000000000000000000e+00 2.026477419355000170e-02 1.432935925146999918e-02 3.946929540129347119e-13
6.600000000000000000e+03 8.781578773824199438e+08 6.097786432155578223e+04 3.900854047426491888e-01 5.000000000000000000e+00 5.066193548386999784e-02 2.265670632273000112e-02 9.867323850322392640e-13
6.700000000000000000e+03 8.781579773824199438e+08 6.097786547896319826e+04 3.908826545557531063e-01 4.000000000000000000e+00 4.052954838710000340e-02 2.026477419355000170e-02 7.893859080258694238e-13
6.800000000000000000e+03 8.781580773824199438e+08 6.097786663637059974e+04 3.916799043586252083e-01 1.000000000000000000e+00 1.013238709676999964e-02 1.013238709676999964e-02 1.973464770063699411e-13
6.900000000000000000e+03 8.781581773824199438e+08 6.097786779377800849e+04 3.924771541667269048e-01 2.000000000000000000e+00 2.026477419355000170e-02 1.432935925146999918e-02 3.946929540129347119e-13
7.000000000000000000e+03 8.781582773824199438e+08 6.097786895118541725e+04 3.932744039748286013e-01 6.000000000000000000e+00 6.079432258064999817e-02 2.481917826346000111e-02 1.184078862038803883e-12
7.100000000000000000e+03 8.781583773824199438e+08 6.097787010859282600e+04 3.940716537827029242e-01 4.000000000000000000e+00 4.052954838710000340e-02 2.026477419355000170e-02 7.893859080258694238e-13
7.200000000000000000e+03 8.781584773824199438e+08 6.097787126600023475e+04 3.948689035908046208e-01 7.000000000000000000e+00 7.092670967741999954e-02 2.680777644549999991e-02 1.381425339045174026e-12
7.300000000000000000e+03 8.781585773824199438e+08 6.097787242340763623e+04 3.956661533936767228e-01 6.000000000000000000e+00 6.079432258064999817e-02 2.481917826346000111e-02 1.184078862038803883e-12
7.400000000000000000e+03 8.781586773824199438e+08 6.097787358081504499e+04 3.964634032017784193e-01 4.000000000000000000e+00 4.052954838710000340e-02 2.026477419355000170e-02 7.893859080258694238e-13
7.500000000000000000e+03 8.781587773824199438e+08 6.097787473822245374e+04 3.972606530096527422e-01 3.000000000000000000e+00 3.039716129031999961e-02 1.754980925357000135e-02 5.920394310193046025e-13
7.600000000000000000e+03 8.781588773824199438e+08 6.097787589562986250e+04 3.980579028177544387e-01 4.000000000000000000e+00 4.052954838710000340e-02 2.026477419355000170e-02 7.893859080258694238e-13
7.700000000000000000e+03 8.781589773824199438e+08 6.097787705303727125e+04 3.988551526256287616e-01 4.000000000000000000e+00 4.052954838710000340e-02 2.026477419355000170e-02 7.893859080258694238e-13
7.800000000000000000e+03 8.781590773824199438e+08 6.097787821044467273e+04 3.996524024287282373e-01 6.000000000000000000e+00 6.079432258064999817e-02 2.481917826346000111e-02 1.184078862038803883e-12
7.900000000000000000e+03 8.781591773824199438e+08 6.097787936785208149e+04 4.004496522366025602e-01 4.000000000000000000e+00 4.052954838710000340e-02 2.026477419355000170e-02 7.893859080258694238e-13
8.000000000000000000e+03 8.781592773824199438e+08 6.097788052525949024e+04 4.012469020447042567e-01 4.000000000000000000e+00 4.052954838710000340e-02 2.026477419355000170e-02 7.893859080258694238e-13
8.100000000000000000e+03 8.781593773824199438e+08 6.097788168266689900e+04 4.020441518525785796e-01 3.000000000000000000e+00 3.039716129031999961e-02 1.754980925357000135e-02 5.920394310193046025e-13
8.200000000000000000e+03 8.781594773824199438e+08 6.097788284007430775e+04 4.028414016606802761e-01 3.000000000000000000e+00 3.039716129031999961e-02 1.754980925357000135e-02 5.920394310193046025e-13
8.300000000000000000e+03 8.781595773824199438e+08 6.097788399748170923e+04 4.036386514635523781e-01 3.000000000000000000e+00 3.039716129031999961e-02 1.754980925357000135e-02 5.920394310193046025e-13
8.400000000000000000e+03 8.781596773824199438e+08 6.097788515488911798e+04 4.044359012716540747e-01 1.000000000000000000e+00 1.013238709676999964e-02 1.013238709676999964e-02 1.973464770063699411e-13
8.500000000000000000e+03 8.781597773824199438e+08 6.097788631229652674e+04 4.052331510795283975e-01 2.000000000000000000e+00 2.026477419355000170e-02 1.432935925146999918e-02 3.946929540129347119e-13
8.600000000000000000e+03 8.781598773824199438e+08 6.097788746970393549e+04 4.060304008876300941e-01 1.000000000000000000e+00 1.013238709676999964e-02 1.013238709676999964e-02 1.973464770063699411e-13
8.700000000000000000e+03 8.781599773824199438e+08 6.097788862711134425e+04 4.068276506955044169e-01 2.000000000000000000e+00 2.026477419355000170e-02 1.432935925146999918e-02 3.946929540129347119e-13
8.800000000000000000e+03 8.781600773824199438e+08 6.097788978451874573e+04 4.076249004986038926e-01 5.000000000000000000e+00 5.066193548386999784e-02 2.265670632273000112e-02 9.867323850322392640e-13
8.900000000000000000e+03 8.781601773824199438e+08 6.097789094192615448e+04 4.084221503064782155e-01 2.000000000000000000e+00 2.026477419355000170e-02 1.432935925146999918e-02 3.946929540129347119e-13
9.000000000000000000e+03 8.781602773824199438e+08 6.097789209933356324e+04 4.092194001145799120e-01 4.000000000000000000e+00 4.052954838710000340e-02 2.026477419355000170e-02 7.893859080258694238e-13
9.100000000000000000e+03 8.781603773824199438e+08 6.097789325674097199e+04 4.100166499224542349e-01 5.000000000000000000e+00 5.066193548386999784e-02 2.265670632273000112e-02 9.867323850322392640e-13
9.200000000000000000e+03 8.781604773824199438e+08 6.097789441414838075e+04 4.108138997305559315e-01 3.000000000000000000e+00 3.039716129031999961e-02 1.754980925357000135e-02 5.920394310193046025e-13
9.300000000000000000e+03 8.781605773824199438e+08 6.097789557155578223e+04 4.116111495334280335e-01 8.000000000000000000e+00 8.105909677419000092e-02 2.865871850293999837e-02 1.578771816051543967e-12
9.400000000000000000e+03 8.781606773824199438e+08 6.097789672896319826e+04 4.124083993465319509e-01 3.000000000000000000e+00 3.039716129031999961e-02 1.754980925357000135e-02 5.920394310193046025e-13
9.500000000000000000e+03 8.781607773824199438e+08 6.097789788637059974e+04 4.132056491494040529e-01 3.000000000000000000e+00 3.039716129031999961e-02 1.754980925357000135e-02 5.920394310193046025e-13
9.600000000000000000e+03 8.781608773824199438e+08 6.097789904377800849e+04 4.140028989575057494e-01 1.000000000000000000e+00 1.013238709676999964e-02 1.013238709676999964e-02 1.973464770063699411e-13
9.700000000000000000e+03 8.781609773824199438e+08 6.097790020118541725e+04 4.148001487653800723e-01 5.000000000000000000e+00 5.066193548386999784e-02 2.265670632273000112e-02 9.867323850322392640e-13
9.800000000000000000e+03 8.781610773824199438e+08 6.097790135859282600e+04 4.155973985734817688e-01 2.000000000000000000e+00 2.026477419355000170e-02 1.432935925146999918e-02 3.946929540129347119e-13
9.900000000000000000e+03 8.781611773824199438e+08 6.097790251600023475e+04 4.163946483815834654e-01 4.000000000000000000e+00 4.052954838710000340e-02 2.026477419355000170e-02 7.893859080258694238e-13
1.000000000000000000e+04 8.781612773824199438e+08 6.097790367340763623e+04 4.171918981844555674e-01 4.000000000000000000e+00 4.052954838710000340e-02 2.026477419355000170e-02 7.893859080258694238e-13
1.010000000000000000e+04 8.781613773824199438e+08 6.097790483081504499e+04 4.179891479925572639e-01 3.000000000000000000e+00 3.039716129031999961e-02 1.754980925357000135e-02 5.920394310193046025e-13
1.020000000000000000e+04 8.781614773824199438e+08 6.097790598822245374e+04 4.187863978004315868e-01 5.000000000000000000e+00 5.066193548386999784e-02 2.265670632273000112e-02 9.867323850322392640e-13
1.030000000000000000e+04 8.781615773824199438e+08 6.097790714562986250e+04 4.195836476085332833e-01 2.000000000000000000e+00 2.026477419355000170e-02 1.432935925146999918e-02 3.946929540129347119e-13
1.040000000000000000e+04 8.781616773824199438e+08 6.097790830303727125e+04 4.203808974164076062e-01 1.000000000000000000e+00 1.013238709676999964e-02 1.013238709676999964e-02 1.973464770063699411e-13
1.050000000000000000e+04 8.781617773824199438e+08 6.097790946044467273e+04 4.211781472195070819e-01 3.000000000000000000e+00 3.039716129031999961e-02 1.754980925357000135e-02 5.920394310193046025e-13
1.060000000000000000e+04 8.781618773824199438e+08 6.097791061785208149e+04 4.219753970273814048e-01 3.000000000000000000e+00 3.039716129031999961e-02 1.754980925357000135e-02 5.920394310193046025e-13
1.070000000000000000e+04 8.781619773824199438e+08 6.097791177525949024e+04 4.227726468354831013e-01 2.000000000000000000e+00 2.026477419355000170e-02 1.432935925146999918e-02 3.946929540129347119e-13
1.080000000000000000e+04 8.781620773824199438e+08 6.097791293266689900e+04 4.235698966433574242e-01 0.000000000000000000e+00 0.000000000000000000e+00 0.000000000000000000e+00 0.000000000000000000e+00
1.090000000000000000e+04 8.781621773824199438e+08 6.097791409007430775e+04 4.243671464514591207e-01 1.000000000000000000e+00 1.013238709676999964e-02 1.013238709676999964e-02 1.973464770063699411e-13
1.100000000000000000e+04 8.781622773824199438e+08 6.097791524748170923e+04 4.251643962543312227e-01 4.000000000000000000e+00 4.052954838710000340e-02 2.026477419355000170e-02 7.893859080258694238e-13
1.110000000000000000e+04 8.781623773824199438e+08 6.097791640488911798e+04 4.259616460624329193e-01 1.000000000000000000e+00 1.013238709676999964e-02 1.013238709676999964e-02 1.973464770063699411e-13
1.120000000000000000e+04 8.781624773824199438e+08 6.097791756229652674e+04 4.267588958703072421e-01 5.000000000000000000e+00 5.066193548386999784e-02 2.265670632273000112e-02 9.867323850322392640e-13
1.130000000000000000e+04 8.781625773824199438e+08 6.097791871970393549e+04 4.275561456784089387e-01 2.000000000000000000e+00 2.026477419355000170e-02 1.432935925146999918e-02 3.946929540129347119e-13
1.140000000000000000e+04 8.781626773824199438e+08 6.097791987711134425e+04 4.283533954862832616e-01 5.000000000000000000e+00 5.066193548386999784e-02 2.265670632273000112e-02 9.867323850322392640e-13
1.150000000000000000e+04 8.781627773824199438e+08 6.097792103451874573e+04 4.291506452893827372e-01 3.000000000000000000e+00 3.039716129031999961e-02 1.754980925357000135e-02 5.920394310193046025e-13
1.160000000000000000e+04 8.781628773824199438e+08 6.097792219192615448e+04 4.299478950972570601e-01 3.000000000000000000e+00 3.039716129031999961e-02 1.754980925357000135e-02 5.920394310193046025e-13
1.170000000000000000e+04 8.781629773824199438e+08 6.097792334933356324e+04 4.307451449053587567e-01 2.000000000000000000e+00 2.026477419355000170e-02 1.432935925146999918e-02 3.946929540129347119e-13
1.180000000000000000e+04 8.781630773824199438e+08 6.097792450674097199e+04 4.315423947132330795e-01 3.000000000000000000e+00 3.039716129031999961e-02 1.754980925357000135e-02 5.920394310193046025e-13
1.190000000000000000e+04 8.781631773824199438e+08 6.097792566414838075e+04 4.323396445213347761e-01 3.000000000000000000e+00 3.039716129031999961e-02 1.754980925357000135e-02 5.920394310193046025e-13
1.200000000000000000e+04 8.781632773824199438e+08 6.097792682155578223e+04 4.331368943242068781e-01 1.000000000000000000e+00 1.013238709676999964e-02 1.013238709676999964e-02 1.973464770063699411e-13
1.210000000000000000e+04 8.781633773824199438e+08 6.097792797896319826e+04 4.339341441373107955e-01 5.000000000000000000e+00 5.066193548386999784e-02 2.265670632273000112e-02 9.867323850322392640e-13
1.220000000000000000e+04 8.781634773824199438e+08 6.097792913637059974e+04 4.347313939401828975e-01 0.000000000000000000e+00 0.000000000000000000e+00 0.000000000000000000e+00 0.000000000000000000e+00
1.230000000000000000e+04 8.781635773824199438e+08 6.097793029377800849e+04 4.355286437482845940e-01 2.000000000000000000e+00 2.026477419355000170e-02 1.432935925146999918e-02 3.946929540129347119e-13
1.240000000000000000e+04 8.781636773824199438e+08 6.097793145118541725e+04 4.363258935561589169e-01 1.000000000000000000e+00 1.013238709676999964e-02 1.013238709676999964e-02 1.973464770063699411e-13
1.250000000000000000e+04 8.781637773824199438e+08 6.097793260859282600e+04 4.371231433642606135e-01 2.000000000000000000e+00 2.026477419355000170e-02 1.432935925146999918e-02 3.946929540129347119e-13
1.260000000000000000e+04 8.781638773824199438e+08 6.097793376600023475e+04 4.379203931721349363e-01 2.000000000000000000e+00 2.026477419355000170e-02 1.432935925146999918e-02 3.946929540129347119e-13
1.270000000000000000e+04 8.781639773824199438e+08 6.097793492340763623e+04 4.387176429752344120e-01 2.000000000000000000e+00 2.026477419355000170e-02 1.432935925146999918e-02 3.946929540129347119e-13
1.280000000000000000e+04 8.781640773824199438e+08 6.097793608081504499e+04 4.395148927833361086e-01 2.000000000000000000e+00 2.026477419355000170e-02 1.432935925146999918e-02 3.946929540129347119e-13
1.290000000000000000e+04 8.781641773824199438e+08 6.097793723822245374e+04 4.403121425912104314e-01 4.000000000000000000e+00 4.052954838710000340e-02 2.026477419355000170e-02 7.893859080258694238e-13
1.300000000000000000e+04 8.781642773824199438e+08 6.097793839562986250e+04 4.411093923993121280e-01 3.000000000000000000e+00 3.039716129031999961e-02 1.754980925357000135e-02 5.920394310193046025e-13
1.310000000000000000e+04 8.781643773824199438e+08 6.097793955303727125e+04 4.419066422071864508e-01 0.000000000000000000e+00 0.000000000000000000e+00 0.000000000000000000e+00 0.000000000000000000e+00
1.320000000000000000e+04 8.781644773824199438e+08 6.097794071044467273e+04 4.427038920102859265e-01 3.000000000000000000e+00 3.039716129031999961e-02 1.754980925357000135e-02 5.920394310193046025e-13
1.330000000000000000e+04 8.781645773824199438e+08 6.097794186785208149e+04 4.435011418181602494e-01 1.000000000000000000e+00 1.013238709676999964e-02 1.013238709676999964e-02 1.973464770063699411e-13
1.340000000000000000e+04 8.781646773824199438e+08 6.097794302525949024e+04 4.442983916262619459e-01 1.000000000000000000e+00 1.013238709676999964e-02 1.013238709676999964e-02 1.973464770063699411e-13
1.350000000000000000e+04 8.781647773824199438e+08 6.097794418266689900e+04 4.450956414341362688e-01 1.000000000000000000e+00 1.013238709676999964e-02 1.013238709676999964e-02 1.973464770063699411e-13
1.360000000000000000e+04 8.781648773824199438e+08 6.097794534007430775e+04 4.458928912422379653e-01 2.000000000000000000e+00 2.026477419355000170e-02 1.432935925146999918e-02 3.946929540129347119e-13
1.370000000000000000e+04 8.781649773824199438e+08 6.097794649748170923e+04 4.466901410451100674e-01 1.000000000000000000e+00 1.013238709676999964e-02 1.013238709676999964e-02 1.973464770063699411e-13
1.380000000000000000e+04 8.781650773824199438e+08 6.097794765488911798e+04 4.474873908532117639e-01 2.000000000000000000e+00 2.026477419355000170e-02 1.432935925146999918e-02 3.946929540129347119e-13
1.390000000000000000e+04 8.781651773824199438e+08 6.097794881229652674e+04 4.482846406610860868e-01 2.000000000000000000e+00 2.026477419355000170e-02 1.432935925146999918e-02 3.946929540129347119e-13
1.400000000000000000e+04 8.781652773824199438e+08 6.097794996970393549e+04 4.490818904691877833e-01 1.000000000000000000e+00 1.013238709676999964e-02 1.013238709676999964e-02 1.973464770063699411e-13
1.410000000000000000e+04 8.781653773824199438e+08 6.097795112711134425e+04 4.498791402770621062e-01 2.000000000000000000e+00 2.026477419355000170e-02 1.432935925146999918e-02 3.946929540129347119e-13
1.420000000000000000e+04 8.781654773824199438e+08 6.097795228451874573e+04 4.506763900801615819e-01 0.000000000000000000e+00 0.000000000000000000e+00 0.000000000000000000e+00 0.000000000000000000e+00
1.430000000000000000e+04 8.781655773824199438e+08 6.097795344192615448e+04 4.514736398880359047e-01 2.000000000000000000e+00 2.026477419355000170e-02 1.432935925146999918e-02 3.946929540129347119e-13
1.440000000000000000e+04 8.781656773824199438e+08 6.097795459933356324e+04 4.522708896961376013e-01 2.000000000000000000e+00 2.026477419355000170e-02 1.432935925146999918e-02 3.946929540129347119e-13
1.450000000000000000e+04 8.781657773824199438e+08 6.097795575674097199e+04 4.530681395040119241e-01 2.000000000000000000e+00 2.026477419355000170e-02 1.432935925146999918e-02 3.946929540129347119e-13
1.460000000000000000e+04 8.781658773824199438e+08 6.097795691414838075e+04 4.538653893121136207e-01 3.000000000000000000e+00 3.039716129031999961e-02 1.754980925357000135e-02 5.920394310193046025e-13
1.470000000000000000e+04 8.781659773824199438e+08 6.097795807155578223e+04 4.546626391149857227e-01 0.000000000000000000e+00 0.000000000000000000e+00 0.000000000000000000e+00 0.000000000000000000e+00
1.480000000000000000e+04 8.781660773824199438e+08 6.097795922896319826e+04 4.554598889280896401e-01 1.000000000000000000e+00 1.013238709676999964e-02 1.013238709676999964e-02 1.973464770063699411e-13
1.490000000000000000e+04 8.781661773824199438e+08 6.097796038637059974e+04 4.562571387309617421e-01 1.000000000000000000e+00 1.013238709676999964e-02 1.013238709676999964e-02 1.973464770063699411e-13
1.500000000000000000e+04 8.781662773824199438e+08 6.097796154377800849e+04 4.570543885390634387e-01 2.000000000000000000e+00 2.026477419355000170e-02 1.432935925146999918e-02 3.946929540129347119e-13
1.510000000000000000e+04 8.781663773824199438e+08 6.097796270118541725e+04 4.578516383469377615e-01 0.000000000000000000e+00 0.000000000000000000e+00 0.000000000000000000e+00 0.000000000000000000e+00
1.520000000000000000e+04 8.781664773824199438e+08 6.097796385859282600e+04 4.586488881550394581e-01 3.000000000000000000e+00 3.039716129031999961e-02 1.754980925357000135e-02 5.920394310193046025e-13
1.530000000000000000e+04 8.781665773824199438e+08 6.097796501600023475e+04 4.594461379629137809e-01 1.000000000000000000e+00 1.013238709676999964e-02 1.013238709676999964e-02 1.973464770063699411e-13
1.540000000000000000e+04 8.781666773824199438e+08 6.097796617340763623e+04 4.602433877660132566e-01 1.000000000000000000e+00 1.013238709676999964e-02 1.013238709676999964e-02 1.973464770063699411e-13
1.550000000000000000e+04 8.781667773824199438e+08 6.097796733081504499e+04 4.610406375738875795e-01 1.000000000000000000e+00 1.013238709676999964e-02 1.013238709676999964e-02 1.973464770063699411e-13
1.560000000000000000e+04 8.781668773824199438e+08 6.097796848822245374e+04 4.618378873819892760e-01 0.000000000000000000e+00 0.000000000000000000e+00 0.000000000000000000e+00 0.000000000000000000e+00
1.570000000000000000e+04 8.781669773824199438e+08 6.097796964562986250e+04 4.626351371900909726e-01 1.000000000000000000e+00 1.013238709676999964e-02 1.013238709676999964e-02 1.973464770063699411e-13
1.580000000000000000e+04 8.781670773824199438e+08 6.097797080303727125e+04 4.634323869979652954e-01 0.000000000000000000e+00 0.000000000000000000e+00 0.000000000000000000e+00 0.000000000000000000e+00
1.590000000000000000e+04 8.781671773824199438e+08 6.097797196044467273e+04 4.642296368010647711e-01 1.000000000000000000e+00 1.013238709676999964e-02 1.013238709676999964e-02 1.973464770063699411e-13
1.600000000000000000e+04 8.781672773824199438e+08 6.097797311785208149e+04 4.650268866089390940e-01 2.000000000000000000e+00 2.026477419355000170e-02 1.432935925146999918e-02 3.946929540129347119e-13
1.610000000000000000e+04 8.781673773824199438e+08 6.097797427525949024e+04 4.658241364170407905e-01 3.000000000000000000e+00 3.039716129031999961e-02 1.754980925357000135e-02 5.920394310193046025e-13
1.620000000000000000e+04 8.781674773824199438e+08 6.097797543266689900e+04 4.666213862249151134e-01 2.000000000000000000e+00 2.026477419355000170e-02 1.432935925146999918e-02 3.946929540129347119e-13
1.630000000000000000e+04 8.781675773824199438e+08 6.097797659007430775e+04 4.674186360330168100e-01 1.000000000000000000e+00 1.013238709676999964e-02 1.013238709676999964e-02 1.973464770063699411e-13
1.640000000000000000e+04 8.781676773824199438e+08 6.097797774748170923e+04 4.682158858358889120e-01 2.000000000000000000e+00 2.026477419355000170e-02 1.432935925146999918e-02 3.946929540129347119e-13
1.650000000000000000e+04 8.781677773824199438e+08 6.097797890488911798e+04 4.690131356439906085e-01 2.000000000000000000e+00 2.026477419355000170e-02 1.432935925146999918e-02 3.946929540129347119e-13
1.660000000000000000e+04 8.781678773824199438e+08 6.097798006229652674e+04 4.698103854518649314e-01 2.000000000000000000e+00 2.026477419355000170e-02 1.432935925146999918e-02 3.946929540129347119e-13
1.670000000000000000e+04 8.781679773824199438e+08 6.097798121970393549e+04 4.706076352599666279e-01 1.000000000000000000e+00 1.013238709676999964e-02 1.013238709676999964e-02 1.973464770063699411e-13
1.680000000000000000e+04 8.781680773824199438e+08 6.097798237711134425e+04 4.714048850678409508e-01 2.000000000000000000e+00 2.026477419355000170e-02 1.432935925146999918e-02 3.946929540129347119e-13
1.690000000000000000e+04 8.781681773824199438e+08 6.097798353451874573e+04 4.722021348709404265e-01 1.000000000000000000e+00 1.013238709676999964e-02 1.013238709676999964e-02 1.973464770063699411e-13
1.700000000000000000e+04 8.781682773824199438e+08 6.097798469192615448e+04 4.729993846788147493e-01 0.000000000000000000e+00 0.000000000000000000e+00 0.000000000000000000e+00 0.000000000000000000e+00
1.710000000000000000e+04 8.781683773824199438e+08 6.097798584933356324e+04 4.737966344869164459e-01 2.000000000000000000e+00 2.026477419355000170e-02 1.432935925146999918e-02 3.946929540129347119e-13
1.720000000000000000e+04 8.781684773824199438e+08 6.097798700674097199e+04 4.745938842947907688e-01 0.000000000000000000e+00 0.000000000000000000e+00 0.000000000000000000e+00 0.000000000000000000e+00
1.730000000000000000e+04 8.781685773824199438e+08 6.097798816414838075e+04 4.753911341028924653e-01 0.000000000000000000e+00 0.000000000000000000e+00 0.000000000000000000e+00 0.000000000000000000e+00
1.740000000000000000e+04 8.781686773824199438e+08 6.097798932155578223e+04 4.761883839057645673e-01 3.000000000000000000e+00 3.039716129031999961e-02 1.754980925357000135e-02 5.920394310193046025e-13
1.750000000000000000e+04 8.781687773824199438e+08 6.097799047896319826e+04 4.769856337188684847e-01 0.000000000000000000e+00 0.000000000000000000e+00 0.000000000000000000e+00 0.000000000000000000e+00
1.760000000000000000e+04 8.781688773824199438e+08 6.097799163637059974e+04 4.777828835217405867e-01 1.000000000000000000e+00 1.013238709676999964e-02 1.013238709676999964e-02 1.973464770063699411e-13
1.770000000000000000e+04 8.781689773824199438e+08 6.097799279377800849e+04 4.785801333298422833e-01 0.000000000000000000e+00 0.000000000000000000e+00 0.000000000000000000e+00 0.000000000000000000e+00
1.780000000000000000e+04 8.781690773824199438e+08 6.097799395118541725e+04 4.793773831377166061e-01 1.000000000000000000e+00 1.013238709676999964e-02 1.013238709676999964e-02 1.973464770063699411e-13
1.790000000000000000e+04 8.781691773824199438e+08 6.097799510859282600e+04 4.801746329458183027e-01 1.000000000000000000e+00 1.013238709676999964e-02 1.013238709676999964e-02 1.973464770063699411e-13
1.800000000000000000e+04 8.781692773824199438e+08 6.097799626600023475e+04 4.809718827536926256e-01 0.000000000000000000e+00 0.000000000000000000e+00 0.000000000000000000e+00 0.000000000000000000e+00
1.810000000000000000e+04 8.781693773824199438e+08 6.097799742340763623e+04 4.817691325567921012e-01 3.000000000000000000e+00 3.039716129031999961e-02 1.754980925357000135e-02 5.920394310193046025e-13
1.820000000000000000e+04 8.781694773824199438e+08 6.097799858081504499e+04 4.825663823646664241e-01 1.000000000000000000e+00 1.013238709676999964e-02 1.013238709676999964e-02 1.973464770063699411e-13
1.830000000000000000e+04 8.781695773824199438e+08 6.097799973822245374e+04 4.833636321727681207e-01 2.000000000000000000e+00 2.026477419355000170e-02 1.432935925146999918e-02 3.946929540129347119e-13
1.840000000000000000e+04 8.781696773824199438e+08 6.097800089562986250e+04 4.841608819806424435e-01 0.000000000000000000e+00 0.000000000000000000e+00 0.000000000000000000e+00 0.000000000000000000e+00
1.850000000000000000e+04 8.781697773824199438e+08 6.097800205303727125e+04 4.849581317887441401e-01 2.000000000000000000e+00 2.026477419355000170e-02 1.432935925146999918e-02 3.946929540129347119e-13
1.860000000000000000e+04 8.781698773824199438e+08 6.097800321044467273e+04 4.857553815916162421e-01 1.000000000000000000e+00 1.013238709676999964e-02 1.013238709676999964e-02 1.973464770063699411e-13
1.870000000000000000e+04 8.781699773824199438e+08 6.097800436785208149e+04 4.865526313997179386e-01 0.000000000000000000e+00 0.000000000000000000e+00 0.000000000000000000e+00 0.000000000000000000e+00
1.880000000000000000e+04 8.781700773824199438e+08 6.097800552525949024e+04 4.873498812078196352e-01 2.000000000000000000e+00 2.026477419355000170e-02 1.432935925146999918e-02 3.946929540129347119e-13
1.890000000000000000e+04 8.781701773824199438e+08 6.097800668266689900e+04 4.881471310156939580e-01 2.000000000000000000e+00 2.026477419355000170e-02 1.432935925146999918e-02 3.946929540129347119e-13
1.900000000000000000e+04 8.781702773824199438e+08 6.097800784007430775e+04 4.889443808237956546e-01 0.000000000000000000e+00 0.000000000000000000e+00 0.000000000000000000e+00 0.000000000000000000e+00
1.910000000000000000e+04 8.781703773824199438e+08 6.097800899748170923e+04 4.897416306266677566e-01 0.000000000000000000e+00 0.000000000000000000e+00 0.000000000000000000e+00 0.000000000000000000e+00
1.920000000000000000e+04 8.781704773824199438e+08 6.097801015488911798e+04 4.905388804347694531e-01 1.000000000000000000e+00 1.013238709676999964e-02 1.013238709676999964e-02 1.973464770063699411e-13
1.930000000000000000e+04 8.781705773824199438e+08 6.097801131229652674e+04 4.913361302426437760e-01 1.000000000000000000e+00 1.013238709676999964e-02 1.013238709676999964e-02 1.973464770063699411e-13
1.940000000000000000e+04 8.781706773824199438e+08 6.097801246970393549e+04 4.921333800507454725e-01 2.000000000000000000e+00 2.026477419355000170e-02 1.432935925146999918e-02 3.946929540129347119e-13
1.950000000000000000e+04 8.781707773824199438e+08 6.097801362711134425e+04 4.929306298586197954e-01 2.000000000000000000e+00 2.026477419355000170e-02 1.432935925146999918e-02 3.946929540129347119e-13
1.960000000000000000e+04 8.781708773824199438e+08 6.097801478451874573e+04 4.937278796617192711e-01 0.000000000000000000e+00 0.000000000000000000e+00 0.000000000000000000e+00 0.000000000000000000e+00
1.970000000000000000e+04 8.781709773824199438e+08 6.097801594192615448e+04 4.945251294695935940e-01 2.000000000000000000e+00 2.026477419355000170e-02 1.432935925146999918e-02 3.946929540129347119e-13
1.980000000000000000e+04 8.781710773824199438e+08 6.097801709933356324e+04 4.953223792776952905e-01 1.000000000000000000e+00 1.013238709676999964e-02 1.013238709676999964e-02 1.973464770063699411e-13
1.990000000000000000e+04 8.781711773824199438e+08 6.097801825674097199e+04 4.961196290855696134e-01 0.000000000000000000e+00 0.000000000000000000e+00 0.000000000000000000e+00 0.000000000000000000e+00
2.000000000000000000e+04 8.781712773824199438e+08 6.097801941414838075e+04 4.969168788936713099e-01 0.000000000000000000e+00 0.000000000000000000e+00 0.000000000000000000e+00 0.000000000000000000e+00
2.010000000000000000e+04 8.781713773824199438e+08 6.097802057155578223e+04 4.977141286965434119e-01 0.000000000000000000e+00 0.000000000000000000e+00 0.000000000000000000e+00 0.000000000000000000e+00
2.020000000000000000e+04 8.781714773824199438e+08 6.097802172896319826e+04 4.985113785096473293e-01 0.000000000000000000e+00 0.000000000000000000e+00 0.000000000000000000e+00 0.000000000000000000e+00
2.030000000000000000e+04 8.781715773824199438e+08 6.097802288637059974e+04 4.993086283125194313e-01 2.000000000000000000e+00 2.026477419355000170e-02 1.432935925146999918e-02 3.946929540129347119e-13
2.040000000000000000e+04 8.781716773824199438e+08 6.097802404377800849e+04 5.001058781206211279e-01 1.000000000000000000e+00 1.013238709676999964e-02 1.013238709676999964e-02 1.973464770063699411e-13
2.050000000000000000e+04 8.781717773824199438e+08 6.097802520118541725e+04 5.009031279284954508e-01 1.000000000000000000e+00 1.013238709676999964e-02 1.013238709676999964e-02 1.973464770063699411e-13
2.060000000000000000e+04 8.781718773824199438e+08 6.097802635859282600e+04 5.017003777365971473e-01 1.000000000000000000e+00 1.013238709676999964e-02 1.013238709676999964e-02 1.973464770063699411e-13
2.070000000000000000e+04 8.781719773824199438e+08 6.097802751600023475e+04 5.024976275444714702e-01 0.000000000000000000e+00 0.000000000000000000e+00 0.000000000000000000e+00 0.000000000000000000e+00
2.080000000000000000e+04 8.781720773824199438e+08 6.097802867340763623e+04 5.032948773475709459e-01 0.000000000000000000e+00 0.000000000000000000e+00 0.000000000000000000e+00 0.000000000000000000e+00
2.090000000000000000e+04 8.781721773824199438e+08 6.097802983081504499e+04 5.040921271554452687e-01 1.000000000000000000e+00 1.013238709676999964e-02 1.013238709676999964e-02 1.973464770063699411e-13
2.100000000000000000e+04 8.781722773824199438e+08 6.097803098822245374e+04 5.048893769635469653e-01 0.000000000000000000e+00 0.000000000000000000e+00 0.000000000000000000e+00 0.000000000000000000e+00
2.110000000000000000e+04 8.781723773824199438e+08 6.097803214562986250e+04 5.056866267714212881e-01 0.000000000000000000e+00 0.000000000000000000e+00 0.000000000000000000e+00 0.000000000000000000e+00
2.120000000000000000e+04 8.781724773824199438e+08 6.097803330303727125e+04 5.064838765795229847e-01 0.000000000000000000e+00 0.000000000000000000e+00 0.000000000000000000e+00 0.000000000000000000e+00
2.130000000000000000e+04 8.781725773824199438e+08 6.097803446044467273e+04 5.072811263823950867e-01 0.000000000000000000e+00 0.000000000000000000e+00 0.000000000000000000e+00 0.000000000000000000e+00
2.140000000000000000e+04 8.781726773824199438e+08 6.097803561785208149e+04 5.080783761904967832e-01 0.000000000000000000e+00 0.000000000000000000e+00 0.000000000000000000e+00 0.000000000000000000e+00
2.150000000000000000e+04 8.781727773824199438e+08 6.097803677525949024e+04 5.088756259983711061e-01 0.000000000000000000e+00 0.000000000000000000e+00 0.000000000000000000e+00 0.000000000000000000e+00
2.160000000000000000e+04 8.781728773824199438e+08 6.097803793266689900e+04 5.096728758064728027e-01 0.000000000000000000e+00 0.000000000000000000e+00 0.000000000000000000e+00 0.000000000000000000e+00
2.170000000000000000e+04 8.781729773824199438e+08 6.097803909007430775e+04 5.104701256145744992e-01 1.000000000000000000e+00 1.013238709676999964e-02 1.013238709676999964e-02 1.973464770063699411e-13
2.180000000000000000e+04 8.781730773824199438e+08 6.097804024748170923e+04 5.112673754174466012e-01 1.000000000000000000e+00 1.013238709676999964e-02 1.013238709676999964e-02 1.973464770063699411e-13
2.190000000000000000e+04 8.781731773824199438e+08 6.097804140488911798e+04 5.120646252255482977e-01 1.000000000000000000e+00 1.013238709676999964e-02 1.013238709676999964e-02 1.973464770063699411e-13
2.200000000000000000e+04 8.781732773824199438e+08 6.097804256229652674e+04 5.128618750334226206e-01 0.000000000000000000e+00 0.000000000000000000e+00 0.000000000000000000e+00 0.000000000000000000e+00
2.210000000000000000e+04 8.781733773824199438e+08 6.097804371970393549e+04 5.136591248415243172e-01 1.000000000000000000e+00 1.013238709676999964e-02 1.013238709676999964e-02 1.973464770063699411e-13
2.220000000000000000e+04 8.781734773824199438e+08 6.097804487711134425e+04 5.144563746493986400e-01 2.000000000000000000e+00 2.026477419355000170e-02 1.432935925146999918e-02 3.946929540129347119e-13
2.230000000000000000e+04 8.781735773824199438e+08 6.097804603451874573e+04 5.152536244524981157e-01 0.000000000000000000e+00 0.000000000000000000e+00 0.000000000000000000e+00 0.000000000000000000e+00
2.240000000000000000e+04 8.781736773824199438e+08 6.097804719192615448e+04 5.160508742603724386e-01 0.000000000000000000e+00 0.000000000000000000e+00 0.000000000000000000e+00 0.000000000000000000e+00
2.250000000000000000e+04 8.781737773824199438e+08 6.097804834933356324e+04 5.168481240684741351e-01 1.000000000000000000e+00 1.013238709676999964e-02 1.013238709676999964e-02 1.973464770063699411e-13
2.260000000000000000e+04 8.781738773824199438e+08 6.097804950674097199e+04 5.176453738763484580e-01 0.000000000000000000e+00 0.000000000000000000e+00 0.000000000000000000e+00 0.000000000000000000e+00
2.270000000000000000e+04 8.781739773824199438e+08 6.097805066414838075e+04 5.184426236844501545e-01 0.000000000000000000e+00 0.000000000000000000e+00 0.000000000000000000e+00 0.000000000000000000e+00
2.280000000000000000e+04 8.781740773824199438e+08 6.097805182155578223e+04 5.192398734873222566e-01 1.000000000000000000e+00 1.013238709676999964e-02 1.013238709676999964e-02 1.973464770063699411e-13
2.290000000000000000e+04 8.781741773824199438e+08 6.097805297896319826e+04 5.200371233004261740e-01 0.000000000000000000e+00 0.000000000000000000e+00 0.000000000000000000e+00 0.000000000000000000e+00
2.300000000000000000e+04 8.781742773824199438e+08 6.097805413637059974e+04 5.208343731032982760e-01 3.000000000000000000e+00 3.039716129031999961e-02 1.754980925357000135e-02 5.920394310193046025e-13
2.310000000000000000e+04 8.781743773824199438e+08 6.097805529377800849e+04 5.216316229113999725e-01 0.000000000000000000e+00 0.000000000000000000e+00 0.000000000000000000e+00 0.000000000000000000e+00
2.320000000000000000e+04 8.781744773824199438e+08 6.097805645118541725e+04 5.224288727192742954e-01 0.000000000000000000e+00 0.000000000000000000e+00 0.000000000000000000e+00 0.000000000000000000e+00
2.330000000000000000e+04 8.781745773824199438e+08 6.097805760859282600e+04 5.232261225273759919e-01 1.000000000000000000e+00 1.013238709676999964e-02 1.013238709676999964e-02 1.973464770063699411e-13
2.340000000000000000e+04 8.781746773824199438e+08 6.097805876600023475e+04 5.240233723352503148e-01 0.000000000000000000e+00 0.000000000000000000e+00 0.000000000000000000e+00 0.000000000000000000e+00
2.350000000000000000e+04 8.781747773824199438e+08 6.097805992340763623e+04 5.248206221383497905e-01 0.000000000000000000e+00 0.000000000000000000e+00 0.000000000000000000e+00 0.000000000000000000e+00
2.360000000000000000e+04 8.781748773824199438e+08 6.097806108081504499e+04 5.256178719462241133e-01 3.000000000000000000e+00 3.039716129031999961e-02 1.754980925357000135e-02 5.920394310193046025e-13
2.370000000000000000e+04 8.781749773824199438e+08 6.097806223822245374e+04 5.264151217543258099e-01 1.000000000000000000e+00 1.013238709676999964e-02 1.013238709676999964e-02 1.973464770063699411e-13
2.380000000000000000e+04 8.781750773824199438e+08 6.097806339562986250e+04 5.272123715622001328e-01 4.000000000000000000e+00 4.052954838710000340e-02 2.026477419355000170e-02 7.893859080258694238e-13
2.390000000000000000e+04 8.781751773824199438e+08 6.097806455303727125e+04 5.280096213703018293e-01 1.000000000000000000e+00 1.013238709676999964e-02 1.013238709676999964e-02 1.973464770063699411e-13
2.400000000000000000e+04 8.781752773824199438e+08 6.097806571044467273e+04 5.288068711731739313e-01 1.000000000000000000e+00 1.013238709676999964e-02 1.013238709676999964e-02 1.973464770063699411e-13
2.410000000000000000e+04 8.781753773824199438e+08 6.097806686785208149e+04 5.296041209812756279e-01 2.000000000000000000e+00 2.026477419355000170e-02 1.432935925146999918e-02 3.946929540129347119e-13
2.420000000000000000e+04 8.781754773824199438e+08 6.097806802525949024e+04 5.304013707891499507e-01 0.000000000000000000e+00 0.000000000000000000e+00 0.000000000000000000e+00 0.000000000000000000e+00
2.430000000000000000e+04 8.781755773824199438e+08 6.097806918266689900e+04 5.311986205972516473e-01 3.000000000000000000e+00 3.039716129031999961e-02 1.754980925357000135e-02 5.920394310193046025e-13
2.440000000000000000e+04 8.781756773824199438e+08 6.097807034007430775e+04 5.319958704053533438e-01 2.000000000000000000e+00 2.026477419355000170e-02 1.432935925146999918e-02 3.946929540129347119e-13
2.450000000000000000e+04 8.781757773824199438e+08 6.097807149748170923e+04 5.327931202082254458e-01 0.000000000000000000e+00 0.000000000000000000e+00 0.000000000000000000e+00 0.000000000000000000e+00
2.460000000000000000e+04 8.781758773824199438e+08 6.097807265488911798e+04 5.335903700163271424e-01 1.000000000000000000e+00 1.013238709676999964e-02 1.013238709676999964e-02 1.973464770063699411e-13
2.470000000000000000e+04 8.781759773824199438e+08 6.097807381229652674e+04 5.343876198242014652e-01 0.000000000000000000e+00 0.000000000000000000e+00 0.000000000000000000e+00 0.000000000000000000e+00
2.480000000000000000e+04 8.781760773824199438e+08 6.097807496970393549e+04 5.351848696323031618e-01 1.000000000000000000e+00 1.013238709676999964e-02 1.013238709676999964e-02 1.973464770063699411e-13
2.490000000000000000e+04 8.781761773824199438e+08 6.097807612711134425e+04 5.359821194401774846e-01 1.000000000000000000e+00 1.013238709676999964e-02 1.013238709676999964e-02 1.973464770063699411e-13
2.500000000000000000e+04 8.781762773824199438e+08 6.097807728451874573e+04 5.367793692432769603e-01 0.000000000000000000e+00 0.000000000000000000e+00 0.000000000000000000e+00 0.000000000000000000e+00
2.510000000000000000e+04 8.781763773824199438e+08 6.097807844192615448e+04 5.375766190511512832e-01 1.000000000000000000e+00 1.013238709676999964e-02 1.013238709676999964e-02 1.973464770063699411e-13
2.520000000000000000e+04 8.781764773824199438e+08 6.097807959933356324e+04 5.383738688592529797e-01 1.000000000000000000e+00 1.013238709676999964e-02 1.013238709676999964e-02 1.973464770063699411e-13
2.530000000000000000e+04 8.781765773824199438e+08 6.097808075674097199e+04 5.391711186671273026e-01 0.000000000000000000e+00 0.000000000000000000e+00 0.000000000000000000e+00 0.000000000000000000e+00
2.540000000000000000e+04 8.781766773824199438e+08 6.097808191414838075e+04 5.399683684752289992e-01 2.000000000000000000e+00 2.026477419355000170e-02 1.432935925146999918e-02 3.946929540129347119e-13
2.550000000000000000e+04 8.781767773824199438e+08 6.097808307155578223e+04 5.407656182781011012e-01 2.000000000000000000e+00 2.026477419355000170e-02 1.432935925146999918e-02 3.946929540129347119e-13
2.560000000000000000e+04 8.781768773824199438e+08 6.097808422896319826e+04 5.415628680912050186e-01 0.000000000000000000e+00 0.000000000000000000e+00 0.000000000000000000e+00 0.000000000000000000e+00
2.570000000000000000e+04 8.781769773824199438e+08 6.097808538637059974e+04 5.423601178940771206e-01 0.000000000000000000e+00 0.000000000000000000e+00 0.000000000000000000e+00 0.000000000000000000e+00
2.580000000000000000e+04 8.781770773824199438e+08 6.097808654377800849e+04 5.431573677021788171e-01 0.000000000000000000e+00 0.000000000000000000e+00 0.000000000000000000e+00 0.000000000000000000e+00
2.590000000000000000e+04 8.781771773824199438e+08 6.097808770118541725e+04 5.439546175100531400e-01 2.000000000000000000e+00 2.026477419355000170e-02 1.432935925146999918e-02 3.946929540129347119e-13
2.600000000000000000e+04 8.781772773824199438e+08 6.097808885859282600e+04 5.447518673181548365e-01 1.000000000000000000e+00 1.013238709676999964e-02 1.013238709676999964e-02 1.973464770063699411e-13
2.610000000000000000e+04 8.781773773824199438e+08 6.097809001600023475e+04 5.455491171260291594e-01 2.000000000000000000e+00 2.026477419355000170e-02 1.432935925146999918e-02 3.946929540129347119e-13
2.620000000000000000e+04 8.781774773824199438e+08 6.097809117340763623e+04 5.463463669291286351e-01 1.000000000000000000e+00 1.013238709676999964e-02 1.013238709676999964e-02 1.973464770063699411e-13
2.630000000000000000e+04 8.781775773824199438e+08 6.097809233081504499e+04 5.471436167370029580e-01 1.000000000000000000e+00 1.013238709676999964e-02 1.013238709676999964e-02 1.973464770063699411e-13
2.640000000000000000e+04 8.781776773824199438e+08 6.097809348822245374e+04 5.479408665451046545e-01 1.000000000000000000e+00 1.013238709676999964e-02 1.013238709676999964e-02 1.973464770063699411e-13
2.650000000000000000e+04 8.781777773824199438e+08 6.097809464562986250e+04 5.487381163529789774e-01 1.000000000000000000e+00 1.013238709676999964e-02 1.013238709676999964e-02 1.973464770063699411e-13
2.660000000000000000e+04 8.781778773824199438e+08 6.097809580303727125e+04 5.495353661610806739e-01 0.000000000000000000e+00 0.000000000000000000e+00 0.000000000000000000e+00 0.000000000000000000e+00
2.670000000000000000e+04 8.781779773824199438e+08 6.097809696044467273e+04 5.503326159639527759e-01 0.000000000000000000e+00 0.000000000000000000e+00 0.000000000000000000e+00 0.000000000000000000e+00
2.680000000000000000e+04 8.781780773824199438e+08 6.097809811785208149e+04 5.511298657720544725e-01 1.000000000000000000e+00 1.013238709676999964e-02 1.013238709676999964e-02 1.973464770063699411e-13
2.690000000000000000e+04 8.781781773824199438e+08 6.097809927525949024e+04 5.519271155799287953e-01 0.000000000000000000e+00 0.000000000000000000e+00 0.000000000000000000e+00 0.000000000000000000e+00
2.700000000000000000e+04 8.781782773824199438e+08 6.097810043266689900e+04 5.527243653880304919e-01 1.000000000000000000e+00 1.013238709676999964e-02 1.013238709676999964e-02 1.973464770063699411e-13
2.710000000000000000e+04 8.781783773824199438e+08 6.097810159007430775e+04 5.535216151959048148e-01 1.000000000000000000e+00 1.013238709676999964e-02 1.013238709676999964e-02 1.973464770063699411e-13
2.720000000000000000e+04 8.781784773824199438e+08 6.097810274748170923e+04 5.543188649990042904e-01 0.000000000000000000e+00 0.000000000000000000e+00 0.000000000000000000e+00 0.000000000000000000e+00
2.730000000000000000e+04 8.781785773824199438e+08 6.097810390488911798e+04 5.551161148068786133e-01 0.000000000000000000e+00 0.000000000000000000e+00 0.000000000000000000e+00 0.000000000000000000e+00
2.740000000000000000e+04 8.781786773824199438e+08 6.097810506229652674e+04 5.559133646149803099e-01 0.000000000000000000e+00 0.000000000000000000e+00 0.000000000000000000e+00 0.000000000000000000e+00
2.750000000000000000e+04 8.781787773824199438e+08 6.097810621970393549e+04 5.567106144230820064e-01 1.000000000000000000e+00 1.013238709676999964e-02 1.013238709676999964e-02 1.973464770063699411e-13
2.760000000000000000e+04 8.781788773824199438e+08 6.097810737711134425e+04 5.575078642309563293e-01 0.000000000000000000e+00 0.000000000000000000e+00 0.000000000000000000e+00 0.000000000000000000e+00
2.770000000000000000e+04 8.781789773824199438e+08 6.097810853451874573e+04 5.583051140340558050e-01 1.000000000000000000e+00 1.013238709676999964e-02 1.013238709676999964e-02 1.973464770063699411e-13
2.780000000000000000e+04 8.781790773824199438e+08 6.097810969192615448e+04 5.591023638419301278e-01 0.000000000000000000e+00 0.000000000000000000e+00 0.000000000000000000e+00 0.000000000000000000e+00
2.790000000000000000e+04 8.781791773824199438e+08 6.097811084933356324e+04 5.598996136500318244e-01 1.000000000000000000e+00 1.013238709676999964e-02 1.013238709676999964e-02 1.973464770063699411e-13
2.800000000000000000e+04 8.781792773824199438e+08 6.097811200674097199e+04 5.606968634579061472e-01 1.000000000000000000e+00 1.013238709676999964e-02 1.013238709676999964e-02 1.973464770063699411e-13
2.810000000000000000e+04 8.781793773824199438e+08 6.097811316414838075e+04 5.614941132660078438e-01 0.000000000000000000e+00 0.000000000000000000e+00 0.000000000000000000e+00 0.000000000000000000e+00
2.820000000000000000e+04 8.781794773824199438e+08 6.097811432155578223e+04 5.622913630688799458e-01 0.000000000000000000e+00 0.000000000000000000e+00 0.000000000000000000e+00 0.000000000000000000e+00
2.830000000000000000e+04 8.781795773824199438e+08 6.097811547896319826e+04 5.630886128819838632e-01 2.000000000000000000e+00 2.026477419355000170e-02 1.432935925146999918e-02 3.946929540129347119e-13
2.840000000000000000e+04 8.781796773824199438e+08 6.097811663637059974e+04 5.638858626848559652e-01 2.000000000000000000e+00 2.026477419355000170e-02 1.432935925146999918e-02 3.946929540129347119e-13
2.850000000000000000e+04 8.781797773824199438e+08 6.097811779377800849e+04 5.646831124929576617e-01 1.000000000000000000e+00 1.013238709676999964e-02 1.013238709676999964e-02 1.973464770063699411e-13
2.860000000000000000e+04 8.781798773824199438e+08 6.097811895118541725e+04 5.654803623008319846e-01 1.000000000000000000e+00 1.013238709676999964e-02 1.013238709676999964e-02 1.973464770063699411e-13
2.870000000000000000e+04 8.781799773824199438e+08 6.097812010859282600e+04 5.662776121089336812e-01 0.000000000000000000e+00 0.000000000000000000e+00 0.000000000000000000e+00 0.000000000000000000e+00
2.880000000000000000e+04 8.781800773824199438e+08 6.097812126600023475e+04 5.670748619168080040e-01 1.000000000000000000e+00 1.013238709676999964e-02 1.013238709676999964e-02 1.973464770063699411e-13
2.890000000000000000e+04 8.781801773824199438e+08 6.097812242340763623e+04 5.678721117199074797e-01 1.000000000000000000e+00 1.013238709676999964e-02 1.013238709676999964e-02 1.973464770063699411e-13
2.900000000000000000e+04 8.781802773824199438e+08 6.097812358081504499e+04 5.686693615277818026e-01 0.000000000000000000e+00 0.000000000000000000e+00 0.000000000000000000e+00 0.000000000000000000e+00
2.910000000000000000e+04 8.781803773824199438e+08 6.097812473822245374e+04 5.694666113358834991e-01 1.000000000000000000e+00 1.013238709676999964e-02 1.013238709676999964e-02 1.973464770063699411e-13
2.920000000000000000e+04 8.781804773824199438e+08 6.097812589562986250e+04 5.702638611437578220e-01 2.000000000000000000e+00 2.026477419355000170e-02 1.432935925146999918e-02 3.946929540129347119e-13
2.930000000000000000e+04 8.781805773824199438e+08 6.097812705303727125e+04 5.710611109518595185e-01 0.000000000000000000e+00 0.000000000000000000e+00 0.000000000000000000e+00 0.000000000000000000e+00
2.940000000000000000e+04 8.781806773824199438e+08 6.097812821044467273e+04 5.718583607547316205e-01 0.000000000000000000e+00 0.000000000000000000e+00 0.000000000000000000e+00 0.000000000000000000e+00
2.950000000000000000e+04 8.781807773824199438e+08 6.097812936785208149e+04 5.726556105628333171e-01 0.000000000000000000e+00 0.000000000000000000e+00 0.000000000000000000e+00 0.000000000000000000e+00
2.960000000000000000e+04 8.781808773824199438e+08 6.097813052525949024e+04 5.734528603707076400e-01 0.000000000000000000e+00 0.000000000000000000e+00 0.000000000000000000e+00 0.000000000000000000e+00
2.970000000000000000e+04 8.781809773824199438e+08 6.097813168266689900e+04 5.742501101788093365e-01 0.000000000000000000e+00 0.000000000000000000e+00 0.000000000000000000e+00 0.000000000000000000e+00
2.980000000000000000e+04 8.781810773824199438e+08 6.097813284007430775e+04 5.750473599866836594e-01 0.000000000000000000e+00 0.000000000000000000e+00 0.000000000000000000e+00 0.000000000000000000e+00
2.990000000000000000e+04 8.781811773824199438e+08 6.097813399748170923e+04 5.758446097897831351e-01 0.000000000000000000e+00 0.000000000000000000e+00 0.000000000000000000e+00 0.000000000000000000e+00
3.000000000000000000e+04 8.781812773824199438e+08 6.097813515488911798e+04 5.766418595976574579e-01 0.000000000000000000e+00 0.000000000000000000e+00 0.000000000000000000e+00 0.000000000000000000e+00
3.010000000000000000e+04 8.781813773824199438e+08 6.097813631229652674e+04 5.774391094057591545e-01 0.000000000000000000e+00 0.000000000000000000e+00 0.000000000000000000e+00 0.000000000000000000e+00
3.020000000000000000e+04 8.781814773824199438e+08 6.097813746970393549e+04 5.782363592136334773e-01 0.000000000000000000e+00 0.000000000000000000e+00 0.000000000000000000e+00 0.000000000000000000e+00
