# Columns: dt, t_raw, mjd, phase, counts, rate, rate_err, flux_t
# 
0.000000000000000000e+00 1.638582329603599906e+08 5.271050732593009161e+04 6.375483799865833134e-01 0.000000000000000000e+00 0.000000000000000000e+00 0.000000000000000000e+00 0.000000000000000000e+00
1.000000000000000000e+02 1.638583329603599906e+08 5.271050848333750037e+04 6.383456297944576363e-01 0.000000000000000000e+00 0.000000000000000000e+00 0.000000000000000000e+00 0.000000000000000000e+00
2.000000000000000000e+02 1.638584329603599906e+08 5.271050964074490912e+04 6.391428796023319592e-01 0.000000000000000000e+00 0.000000000000000000e+00 0.000000000000000000e+00 0.000000000000000000e+00
3.000000000000000000e+02 1.638585329603599906e+08 5.271051079815231788e+04 6.399401294102062820e-01 0.000000000000000000e+00 0.000000000000000000e+00 0.000000000000000000e+00 0.000000000000000000e+00
4.000000000000000000e+02 1.638586329603599906e+08 5.271051195555971935e+04 6.407373792135331314e-01 0.000000000000000000e+00 0.000000000000000000e+00 0.000000000000000000e+00 0.000000000000000000e+00
5.000000000000000000e+02 1.638587329603599906e+08 5.271051311296712811e+04 6.415346290214074543e-01 0.000000000000000000e+00 0.000000000000000000e+00 0.000000000000000000e+00 0.000000000000000000e+00
6.000000000000000000e+02 1.638588329603599906e+08 5.271051427037453686e+04 6.423318788292817771e-01 0.000000000000000000e+00 0.000000000000000000e+00 0.000000000000000000e+00 0.000000000000000000e+00
7.000000000000000000e+02 1.638589329603599906e+08 5.271051542778194562e+04 6.431291286371561000e-01 2.000000000000000000e+00 1.743639458641300100e-01 1.232939285149699943e-01 2.658945556060463916e-12
8.000000000000000000e+02 1.638590329603599906e+08 5.271051658518935437e+04 6.439263784450304229e-01 6.000000000000000000e+00 6.144847058824000341e-02 2.508623306926999891e-02 9.370523073883069994e-13
9.000000000000000000e+02 1.638591329603599906e+08 5.271051774259675585e+04 6.447236282483572722e-01 5.000000000000000000e+00 5.120705882353000088e-02 2.290049289144999861e-02 7.808769228235383088e-13
1.000000000000000000e+03 1.638592329603599906e+08 5.271051890000416461e+04 6.455208780562315951e-01 5.000000000000000000e+00 5.120705882353000088e-02 2.290049289144999861e-02 7.808769228235383088e-13
1.100000000000000000e+03 1.638593329603599906e+08 5.271052005741157336e+04 6.463181278641059180e-01 4.000000000000000000e+00 4.096564705881999835e-02 2.048282352940999917e-02 6.247015382587696182e-13
1.200000000000000000e+03 1.638594329603599906e+08 5.271052121481898212e+04 6.471153776719802408e-01 4.000000000000000000e+00 4.096564705881999835e-02 2.048282352940999917e-02 6.247015382587696182e-13
1.300000000000000000e+03 1.638595329603599906e+08 5.271052237222639087e+04 6.479126274798545637e-01 1.000000000000000000e+00 1.024141176471000080e-02 1.024141176471000080e-02 1.561753845647686653e-13
1.400000000000000000e+03 1.638596329603599906e+08 5.271052352963379963e+04 6.487098772886383813e-01 5.000000000000000000e+00 5.120705882353000088e-02 2.290049289144999861e-02 7.808769228235383088e-13
1.500000000000000000e+03 1.638597329603599906e+08 5.271052468704120110e+04 6.495071270910557359e-01 3.000000000000000000e+00 3.072423529412000170e-02 1.773864551770000172e-02 4.685261536941534997e-13
1.600000000000000000e+03 1.638598329603599906e+08 5.271052584444860986e+04 6.503043768989300588e-01 3.000000000000000000e+00 3.072423529412000170e-02 1.773864551770000172e-02 4.685261536941534997e-13
1.700000000000000000e+03 1.638599329603599906e+08 5.271052700185601861e+04 6.511016267068043817e-01 2.000000000000000000e+00 2.048282352940999917e-02 1.448354341548999981e-02 3.123507691293848091e-13
1.800000000000000000e+03 1.638600329603599906e+08 5.271052815926342737e+04 6.518988765155881993e-01 5.000000000000000000e+00 5.120705882353000088e-02 2.290049289144999861e-02 7.808769228235383088e-13
1.900000000000000000e+03 1.638601329603599906e+08 5.271052931667083612e+04 6.526961263234625221e-01 3.000000000000000000e+00 3.072423529412000170e-02 1.773864551770000172e-02 4.685261536941534997e-13
2.000000000000000000e+03 1.638602329603599906e+08 5.271053047407823760e+04 6.534933761258798768e-01 3.000000000000000000e+00 3.072423529412000170e-02 1.773864551770000172e-02 4.685261536941534997e-13
2.100000000000000000e+03 1.638603329603599906e+08 5.271053163148564636e+04 6.542906259337541997e-01 3.000000000000000000e+00 3.072423529412000170e-02 1.773864551770000172e-02 4.685261536941534997e-13
2.200000000000000000e+03 1.638604329603599906e+08 5.271053278889305511e+04 6.550878757425380172e-01 7.000000000000000000e+00 7.168988235293999312e-02 2.709622860362000119e-02 1.093227691952923118e-12
2.300000000000000000e+03 1.638605329603599906e+08 5.271053394630046387e+04 6.558851255504123401e-01 5.000000000000000000e+00 5.120705882353000088e-02 2.290049289144999861e-02 7.808769228235383088e-13
2.400000000000000000e+03 1.638606329603599906e+08 5.271053510370787262e+04 6.566823753582866630e-01 4.000000000000000000e+00 4.096564705881999835e-02 2.048282352940999917e-02 6.247015382587696182e-13
2.500000000000000000e+03 1.638607329603599906e+08 5.271053626111528138e+04 6.574796251661609858e-01 3.000000000000000000e+00 3.072423529412000170e-02 1.773864551770000172e-02 4.685261536941534997e-13
2.600000000000000000e+03 1.638608329603599906e+08 5.271053741852268286e+04 6.582768749694878352e-01 2.000000000000000000e+00 2.048282352940999917e-02 1.448354341548999981e-02 3.123507691293848091e-13
2.700000000000000000e+03 1.638609329603599906e+08 5.271053857593009161e+04 6.590741247773621581e-01 4.000000000000000000e+00 4.096564705881999835e-02 2.048282352940999917e-02 6.247015382587696182e-13
2.800000000000000000e+03 1.638610329603599906e+08 5.271053973333750037e+04 6.598713745852364809e-01 4.000000000000000000e+00 4.096564705881999835e-02 2.048282352940999917e-02 6.247015382587696182e-13
2.900000000000000000e+03 1.638611329603599906e+08 5.271054089074490912e+04 6.606686243931108038e-01 4.000000000000000000e+00 4.096564705881999835e-02 2.048282352940999917e-02 6.247015382587696182e-13
3.000000000000000000e+03 1.638612329603599906e+08 5.271054204815231788e+04 6.614658742009851267e-01 3.000000000000000000e+00 3.072423529412000170e-02 1.773864551770000172e-02 4.685261536941534997e-13
3.100000000000000000e+03 1.638613329603599906e+08 5.271054320555971935e+04 6.622631240043119760e-01 1.000000000000000000e+00 1.024141176471000080e-02 1.024141176471000080e-02 1.561753845647686653e-13
3.200000000000000000e+03 1.638614329603599906e+08 5.271054436296712811e+04 6.630603738121862989e-01 5.000000000000000000e+00 5.120705882353000088e-02 2.290049289144999861e-02 7.808769228235383088e-13
3.300000000000000000e+03 1.638615329603599906e+08 5.271054552037453686e+04 6.638576236200606218e-01 4.000000000000000000e+00 4.096564705881999835e-02 2.048282352940999917e-02 6.247015382587696182e-13
3.400000000000000000e+03 1.638616329603599906e+08 5.271054667778194562e+04 6.646548734279349446e-01 6.000000000000000000e+00 6.144847058824000341e-02 2.508623306926999891e-02 9.370523073883069994e-13
3.500000000000000000e+03 1.638617329603599906e+08 5.271054783518935437e+04 6.654521232358092675e-01 6.000000000000000000e+00 6.144847058824000341e-02 2.508623306926999891e-02 9.370523073883069994e-13
3.600000000000000000e+03 1.638618329603599906e+08 5.271054899259675585e+04 6.662493730391361169e-01 6.000000000000000000e+00 6.144847058824000341e-02 2.508623306926999891e-02 9.370523073883069994e-13
3.700000000000000000e+03 1.638619329603599906e+08 5.271055015000416461e+04 6.670466228470104397e-01 5.000000000000000000e+00 5.120705882353000088e-02 2.290049289144999861e-02 7.808769228235383088e-13
3.800000000000000000e+03 1.638620329603599906e+08 5.271055130741157336e+04 6.678438726548847626e-01 8.000000000000000000e+00 8.193129411765000258e-02 2.896708683098999856e-02 1.249403076517691909e-12
3.900000000000000000e+03 1.638621329603599906e+08 5.271055246481898212e+04 6.686411224627590855e-01 8.000000000000000000e+00 8.193129411765000258e-02 2.896708683098999856e-02 1.249403076517691909e-12
4.000000000000000000e+03 1.638622329603599906e+08 5.271055362222639087e+04 6.694383722706334083e-01 8.000000000000000000e+00 8.193129411765000258e-02 2.896708683098999856e-02 1.249403076517691909e-12
4.100000000000000000e+03 1.638623329603599906e+08 5.271055477963379963e+04 6.702356220794172259e-01 6.000000000000000000e+00 6.144847058824000341e-02 2.508623306926999891e-02 9.370523073883069994e-13
4.200000000000000000e+03 1.638624329603599906e+08 5.271055593704120110e+04 6.710328718818345806e-01 2.000000000000000000e+00 2.048282352940999917e-02 1.448354341548999981e-02 3.123507691293848091e-13
4.300000000000000000e+03 1.638625329603599906e+08 5.271055709444860986e+04 6.718301216897089034e-01 4.000000000000000000e+00 4.096564705881999835e-02 2.048282352940999917e-02 6.247015382587696182e-13
4.400000000000000000e+03 1.638626329603599906e+08 5.271055825185601861e+04 6.726273714975832263e-01 5.000000000000000000e+00 5.120705882353000088e-02 2.290049289144999861e-02 7.808769228235383088e-13
4.500000000000000000e+03 1.638627329603599906e+08 5.271055940926342737e+04 6.734246213063670439e-01 1.200000000000000000e+01 1.228969411764700009e-01 3.547729103541000240e-02 1.874104614776461326e-12
4.600000000000000000e+03 1.638628329603599906e+08 5.271056056667083612e+04 6.742218711142413667e-01 9.000000000000000000e+00 9.217270588235000617e-02 3.072423529412000170e-02 1.405578461082308028e-12
4.700000000000000000e+03 1.638629329603599906e+08 5.271056172407823760e+04 6.750191209166587214e-01 1.200000000000000000e+01 1.228969411764700009e-01 3.547729103541000240e-02 1.874104614776461326e-12
4.800000000000000000e+03 1.638630329603599906e+08 5.271056288148564636e+04 6.758163707245330443e-01 6.000000000000000000e+00 6.144847058824000341e-02 2.508623306926999891e-02 9.370523073883069994e-13
4.900000000000000000e+03 1.638631329603599906e+08 5.271056403889305511e+04 6.766136205333168618e-01 9.000000000000000000e+00 9.217270588235000617e-02 3.072423529412000170e-02 1.405578461082308028e-12
5.000000000000000000e+03 1.638632329603599906e+08 5.271056519630046387e+04 6.774108703411911847e-01 3.000000000000000000e+00 3.072423529412000170e-02 1.773864551770000172e-02 4.685261536941534997e-13
5.100000000000000000e+03 1.638633329603599906e+08 5.271056635370787262e+04 6.782081201490655076e-01 4.000000000000000000e+00 4.096564705881999835e-02 2.048282352940999917e-02 6.247015382587696182e-13
5.200000000000000000e+03 1.638634329603599906e+08 5.271056751111528138e+04 6.790053699569398304e-01 7.000000000000000000e+00 7.168988235293999312e-02 2.709622860362000119e-02 1.093227691952923118e-12
5.300000000000000000e+03 1.638635329603599906e+08 5.271056866852268286e+04 6.798026197602666798e-01 1.000000000000000000e+01 1.024141176470600018e-01 3.238618763211999901e-02 1.561753845647076618e-12
5.400000000000000000e+03 1.638636329603599906e+08 5.271056982593009161e+04 6.805998695681410027e-01 5.000000000000000000e+00 5.120705882353000088e-02 2.290049289144999861e-02 7.808769228235383088e-13
5.500000000000000000e+03 1.638637329603599906e+08 5.271057098333750037e+04 6.813971193760153255e-01 4.000000000000000000e+00 4.096564705881999835e-02 2.048282352940999917e-02 6.247015382587696182e-13
5.600000000000000000e+03 1.638638329603599906e+08 5.271057214074490912e+04 6.821943691838896484e-01 5.000000000000000000e+00 5.120705882353000088e-02 2.290049289144999861e-02 7.808769228235383088e-13
5.700000000000000000e+03 1.638639329603599906e+08 5.271057329815231788e+04 6.829916189917639713e-01 6.000000000000000000e+00 6.144847058824000341e-02 2.508623306926999891e-02 9.370523073883069994e-13
5.800000000000000000e+03 1.638640329603599906e+08 5.271057445555971935e+04 6.837888687950908206e-01 8.000000000000000000e+00 8.193129411765000258e-02 2.896708683098999856e-02 1.249403076517691909e-12
5.900000000000000000e+03 1.638641329603599906e+08 5.271057561296712811e+04 6.845861186029651435e-01 9.000000000000000000e+00 9.217270588235000617e-02 3.072423529412000170e-02 1.405578461082308028e-12
6.000000000000000000e+03 1.638642329603599906e+08 5.271057677037453686e+04 6.853833684108394664e-01 8.000000000000000000e+00 8.193129411765000258e-02 2.896708683098999856e-02 1.249403076517691909e-12
6.100000000000000000e+03 1.638643329603599906e+08 5.271057792778194562e+04 6.861806182187137892e-01 9.000000000000000000e+00 9.217270588235000617e-02 3.072423529412000170e-02 1.405578461082308028e-12
6.200000000000000000e+03 1.638644329603599906e+08 5.271057908518935437e+04 6.869778680265881121e-01 4.000000000000000000e+00 4.096564705881999835e-02 2.048282352940999917e-02 6.247015382587696182e-13
6.300000000000000000e+03 1.638645329603599906e+08 5.271058024259675585e+04 6.877751178299149615e-01 4.000000000000000000e+00 4.096564705881999835e-02 2.048282352940999917e-02 6.247015382587696182e-13
6.400000000000000000e+03 1.638646329603599906e+08 5.271058140000416461e+04 6.885723676377892843e-01 7.000000000000000000e+00 7.168988235293999312e-02 2.709622860362000119e-02 1.093227691952923118e-12
6.500000000000000000e+03 1.638647329603599906e+08 5.271058255741157336e+04 6.893696174456636072e-01 5.000000000000000000e+00 5.120705882353000088e-02 2.290049289144999861e-02 7.808769228235383088e-13
6.600000000000000000e+03 1.638648329603599906e+08 5.271058371481898212e+04 6.901668672535379301e-01 9.000000000000000000e+00 9.217270588235000617e-02 3.072423529412000170e-02 1.405578461082308028e-12
6.700000000000000000e+03 1.638649329603599906e+08 5.271058487222639087e+04 6.909641170614122530e-01 8.000000000000000000e+00 8.193129411765000258e-02 2.896708683098999856e-02 1.249403076517691909e-12
6.800000000000000000e+03 1.638650329603599906e+08 5.271058602963379963e+04 6.917613668701960705e-01 5.000000000000000000e+00 5.120705882353000088e-02 2.290049289144999861e-02 7.808769228235383088e-13
6.900000000000000000e+03 1.638651329603599906e+08 5.271058718704120110e+04 6.925586166726134252e-01 7.000000000000000000e+00 7.168988235293999312e-02 2.709622860362000119e-02 1.093227691952923118e-12
7.000000000000000000e+03 1.638652329603599906e+08 5.271058834444860986e+04 6.933558664804877480e-01 1.000000000000000000e+01 1.024141176470600018e-01 3.238618763211999901e-02 1.561753845647076618e-12
7.100000000000000000e+03 1.638653329603599906e+08 5.271058950185601861e+04 6.941531162883620709e-01 6.000000000000000000e+00 6.144847058824000341e-02 2.508623306926999891e-02 9.370523073883069994e-13
7.200000000000000000e+03 1.638654329603599906e+08 5.271059065926342737e+04 6.949503660971458885e-01 6.000000000000000000e+00 6.144847058824000341e-02 2.508623306926999891e-02 9.370523073883069994e-13
7.300000000000000000e+03 1.638655329603599906e+08 5.271059181667083612e+04 6.957476159050202114e-01 9.000000000000000000e+00 9.217270588235000617e-02 3.072423529412000170e-02 1.405578461082308028e-12
7.400000000000000000e+03 1.638656329603599906e+08 5.271059297407823760e+04 6.965448657074375660e-01 9.000000000000000000e+00 9.217270588235000617e-02 3.072423529412000170e-02 1.405578461082308028e-12
7.500000000000000000e+03 1.638657329603599906e+08 5.271059413148564636e+04 6.973421155153118889e-01 6.000000000000000000e+00 6.144847058824000341e-02 2.508623306926999891e-02 9.370523073883069994e-13
7.600000000000000000e+03 1.638658329603599906e+08 5.271059528889305511e+04 6.981393653240957065e-01 2.000000000000000000e+00 2.048282352940999917e-02 1.448354341548999981e-02 3.123507691293848091e-13
7.700000000000000000e+03 1.638659329603599906e+08 5.271059644630046387e+04 6.989366151319700293e-01 6.000000000000000000e+00 6.144847058824000341e-02 2.508623306926999891e-02 9.370523073883069994e-13
7.800000000000000000e+03 1.638660329603599906e+08 5.271059760370787262e+04 6.997338649398443522e-01 6.000000000000000000e+00 6.144847058824000341e-02 2.508623306926999891e-02 9.370523073883069994e-13
7.900000000000000000e+03 1.638661329603599906e+08 5.271059876111528138e+04 7.005311147477186751e-01 9.000000000000000000e+00 9.217270588235000617e-02 3.072423529412000170e-02 1.405578461082308028e-12
8.000000000000000000e+03 1.638662329603599906e+08 5.271059991852268286e+04 7.013283645510455244e-01 6.000000000000000000e+00 6.144847058824000341e-02 2.508623306926999891e-02 9.370523073883069994e-13
8.100000000000000000e+03 1.638663329603599906e+08 5.271060107593009161e+04 7.021256143589198473e-01 5.000000000000000000e+00 5.120705882353000088e-02 2.290049289144999861e-02 7.808769228235383088e-13
8.200000000000000000e+03 1.638664329603599906e+08 5.271060223333750037e+04 7.029228641667941702e-01 7.000000000000000000e+00 7.168988235293999312e-02 2.709622860362000119e-02 1.093227691952923118e-12
8.300000000000000000e+03 1.638665329603599906e+08 5.271060339074490912e+04 7.037201139746684930e-01 5.000000000000000000e+00 5.120705882353000088e-02 2.290049289144999861e-02 7.808769228235383088e-13
8.400000000000000000e+03 1.638666329603599906e+08 5.271060454815231788e+04 7.045173637825428159e-01 1.100000000000000000e+01 1.126555294117600053e-01 3.396692014706000073e-02 1.717929230211692938e-12
8.500000000000000000e+03 1.638667329603599906e+08 5.271060570555971935e+04 7.053146135858696653e-01 6.000000000000000000e+00 6.144847058824000341e-02 2.508623306926999891e-02 9.370523073883069994e-13
8.600000000000000000e+03 1.638668329603599906e+08 5.271060686296712811e+04 7.061118633937439881e-01 6.000000000000000000e+00 6.144847058824000341e-02 2.508623306926999891e-02 9.370523073883069994e-13
8.700000000000000000e+03 1.638669329603599906e+08 5.271060802037453686e+04 7.069091132016183110e-01 1.200000000000000000e+01 1.228969411764700009e-01 3.547729103541000240e-02 1.874104614776461326e-12
8.800000000000000000e+03 1.638670329603599906e+08 5.271060917778194562e+04 7.077063630094926339e-01 7.000000000000000000e+00 7.168988235293999312e-02 2.709622860362000119e-02 1.093227691952923118e-12
8.900000000000000000e+03 1.638671329603599906e+08 5.271061033518935437e+04 7.085036128173669567e-01 6.000000000000000000e+00 6.144847058824000341e-02 2.508623306926999891e-02 9.370523073883069994e-13
9.000000000000000000e+03 1.638672329603599906e+08 5.271061149259675585e+04 7.093008626206938061e-01 8.000000000000000000e+00 8.193129411765000258e-02 2.896708683098999856e-02 1.249403076517691909e-12
9.100000000000000000e+03 1.638673329603599906e+08 5.271061265000416461e+04 7.100981124285681290e-01 9.000000000000000000e+00 9.217270588235000617e-02 3.072423529412000170e-02 1.405578461082308028e-12
9.200000000000000000e+03 1.638674329603599906e+08 5.271061380741157336e+04 7.108953622364424518e-01 8.000000000000000000e+00 8.193129411765000258e-02 2.896708683098999856e-02 1.249403076517691909e-12
9.300000000000000000e+03 1.638675329603599906e+08 5.271061496481898212e+04 7.116926120443167747e-01 8.000000000000000000e+00 8.193129411765000258e-02 2.896708683098999856e-02 1.249403076517691909e-12
9.400000000000000000e+03 1.638676329603599906e+08 5.271061612222639087e+04 7.124898618521910976e-01 1.200000000000000000e+01 1.228969411764700009e-01 3.547729103541000240e-02 1.874104614776461326e-12
9.500000000000000000e+03 1.638677329603599906e+08 5.271061727963379963e+04 7.132871116609749151e-01 9.000000000000000000e+00 9.217270588235000617e-02 3.072423529412000170e-02 1.405578461082308028e-12
9.600000000000000000e+03 1.638678329603599906e+08 5.271061843704120110e+04 7.140843614633922698e-01 1.000000000000000000e+01 1.024141176470600018e-01 3.238618763211999901e-02 1.561753845647076618e-12
9.700000000000000000e+03 1.638679329603599906e+08 5.271061959444860986e+04 7.148816112712665927e-01 6.000000000000000000e+00 6.144847058824000341e-02 2.508623306926999891e-02 9.370523073883069994e-13
9.800000000000000000e+03 1.638680329603599906e+08 5.271062075185601861e+04 7.156788610791409155e-01 6.000000000000000000e+00 6.144847058824000341e-02 2.508623306926999891e-02 9.370523073883069994e-13
9.900000000000000000e+03 1.638681329603599906e+08 5.271062190926342737e+04 7.164761108879247331e-01 1.100000000000000000e+01 1.126555294117600053e-01 3.396692014706000073e-02 1.717929230211692938e-12
1.000000000000000000e+04 1.638682329603599906e+08 5.271062306667083612e+04 7.172733606957990560e-01 3.000000000000000000e+00 3.072423529412000170e-02 1.773864551770000172e-02 4.685261536941534997e-13
1.010000000000000000e+04 1.638683329603599906e+08 5.271062422407823760e+04 7.180706104982164106e-01 1.100000000000000000e+01 1.126555294117600053e-01 3.396692014706000073e-02 1.717929230211692938e-12
1.020000000000000000e+04 1.638684329603599906e+08 5.271062538148564636e+04 7.188678603060907335e-01 5.000000000000000000e+00 5.120705882353000088e-02 2.290049289144999861e-02 7.808769228235383088e-13
1.030000000000000000e+04 1.638685329603599906e+08 5.271062653889305511e+04 7.196651101148745511e-01 9.000000000000000000e+00 9.217270588235000617e-02 3.072423529412000170e-02 1.405578461082308028e-12
1.040000000000000000e+04 1.638686329603599906e+08 5.271062769630046387e+04 7.204623599227488739e-01 6.000000000000000000e+00 6.144847058824000341e-02 2.508623306926999891e-02 9.370523073883069994e-13
1.050000000000000000e+04 1.638687329603599906e+08 5.271062885370787262e+04 7.212596097306231968e-01 4.000000000000000000e+00 4.096564705881999835e-02 2.048282352940999917e-02 6.247015382587696182e-13
1.060000000000000000e+04 1.638688329603599906e+08 5.271063001111528138e+04 7.220568595384975197e-01 9.000000000000000000e+00 9.217270588235000617e-02 3.072423529412000170e-02 1.405578461082308028e-12
1.070000000000000000e+04 1.638689329603599906e+08 5.271063116852268286e+04 7.228541093418243690e-01 1.000000000000000000e+01 1.024141176470600018e-01 3.238618763211999901e-02 1.561753845647076618e-12
1.080000000000000000e+04 1.638690329603599906e+08 5.271063232593009161e+04 7.236513591496986919e-01 5.000000000000000000e+00 5.120705882353000088e-02 2.290049289144999861e-02 7.808769228235383088e-13
1.090000000000000000e+04 1.638691329603599906e+08 5.271063348333750037e+04 7.244486089575730148e-01 8.000000000000000000e+00 8.193129411765000258e-02 2.896708683098999856e-02 1.249403076517691909e-12
1.100000000000000000e+04 1.638692329603599906e+08 5.271063464074490912e+04 7.252458587654473376e-01 4.000000000000000000e+00 4.096564705881999835e-02 2.048282352940999917e-02 6.247015382587696182e-13
1.110000000000000000e+04 1.638693329603599906e+08 5.271063579815231788e+04 7.260431085733216605e-01 7.000000000000000000e+00 7.168988235293999312e-02 2.709622860362000119e-02 1.093227691952923118e-12
1.120000000000000000e+04 1.638694329603599906e+08 5.271063695555971935e+04 7.268403583766485099e-01 7.000000000000000000e+00 7.168988235293999312e-02 2.709622860362000119e-02 1.093227691952923118e-12
1.130000000000000000e+04 1.638695329603599906e+08 5.271063811296712811e+04 7.276376081845228327e-01 4.000000000000000000e+00 4.096564705881999835e-02 2.048282352940999917e-02 6.247015382587696182e-13
1.140000000000000000e+04 1.638696329603599906e+08 5.271063927037453686e+04 7.284348579923971556e-01 7.000000000000000000e+00 7.168988235293999312e-02 2.709622860362000119e-02 1.093227691952923118e-12
1.150000000000000000e+04 1.638697329603599906e+08 5.271064042778194562e+04 7.292321078002714785e-01 8.000000000000000000e+00 8.193129411765000258e-02 2.896708683098999856e-02 1.249403076517691909e-12
1.160000000000000000e+04 1.638698329603599906e+08 5.271064158518935437e+04 7.300293576081458014e-01 7.000000000000000000e+00 7.168988235293999312e-02 2.709622860362000119e-02 1.093227691952923118e-12
1.170000000000000000e+04 1.638699329603599906e+08 5.271064274259675585e+04 7.308266074114726507e-01 7.000000000000000000e+00 7.168988235293999312e-02 2.709622860362000119e-02 1.093227691952923118e-12
1.180000000000000000e+04 1.638700329603599906e+08 5.271064390000416461e+04 7.316238572193469736e-01 4.000000000000000000e+00 4.096564705881999835e-02 2.048282352940999917e-02 6.247015382587696182e-13
1.190000000000000000e+04 1.638701329603599906e+08 5.271064505741157336e+04 7.324211070272212964e-01 6.000000000000000000e+00 6.144847058824000341e-02 2.508623306926999891e-02 9.370523073883069994e-13
1.200000000000000000e+04 1.638702329603599906e+08 5.271064621481898212e+04 7.332183568350956193e-01 3.000000000000000000e+00 3.072423529412000170e-02 1.773864551770000172e-02 4.685261536941534997e-13
1.210000000000000000e+04 1.638703329603599906e+08 5.271064737222639087e+04 7.340156066429699422e-01 2.000000000000000000e+00 2.048282352940999917e-02 1.448354341548999981e-02 3.123507691293848091e-13
1.220000000000000000e+04 1.638704329603599906e+08 5.271064852963379963e+04 7.348128564517537598e-01 6.000000000000000000e+00 6.144847058824000341e-02 2.508623306926999891e-02 9.370523073883069994e-13
1.230000000000000000e+04 1.638705329603599906e+08 5.271064968704120110e+04 7.356101062541711144e-01 1.000000000000000000e+00 1.024141176471000080e-02 1.024141176471000080e-02 1.561753845647686653e-13
1.240000000000000000e+04 1.638706329603599906e+08 5.271065084444860986e+04 7.364073560620454373e-01 5.000000000000000000e+00 5.120705882353000088e-02 2.290049289144999861e-02 7.808769228235383088e-13
1.250000000000000000e+04 1.638707329603599906e+08 5.271065200185601861e+04 7.372046058699197602e-01 5.000000000000000000e+00 5.120705882353000088e-02 2.290049289144999861e-02 7.808769228235383088e-13
1.260000000000000000e+04 1.638708329603599906e+08 5.271065315926342737e+04 7.380018556787035777e-01 8.000000000000000000e+00 8.193129411765000258e-02 2.896708683098999856e-02 1.249403076517691909e-12
1.270000000000000000e+04 1.638709329603599906e+08 5.271065431667083612e+04 7.387991054865779006e-01 5.000000000000000000e+00 5.120705882353000088e-02 2.290049289144999861e-02 7.808769228235383088e-13
1.280000000000000000e+04 1.638710329603599906e+08 5.271065547407823760e+04 7.395963552889952553e-01 4.000000000000000000e+00 4.096564705881999835e-02 2.048282352940999917e-02 6.247015382587696182e-13
1.290000000000000000e+04 1.638711329603599906e+08 5.271065663148564636e+04 7.403936050968695781e-01 4.000000000000000000e+00 4.096564705881999835e-02 2.048282352940999917e-02 6.247015382587696182e-13
1.300000000000000000e+04 1.638712329603599906e+08 5.271065778889305511e+04 7.411908549056533957e-01 2.000000000000000000e+00 2.048282352940999917e-02 1.448354341548999981e-02 3.123507691293848091e-13
1.310000000000000000e+04 1.638713329603599906e+08 5.271065894630046387e+04 7.419881047135277186e-01 1.000000000000000000e+00 1.024141176471000080e-02 1.024141176471000080e-02 1.561753845647686653e-13
1.320000000000000000e+04 1.638714329603599906e+08 5.271066010370787262e+04 7.427853545214020414e-01 5.000000000000000000e+00 5.120705882353000088e-02 2.290049289144999861e-02 7.808769228235383088e-13
1.330000000000000000e+04 1.638715329603599906e+08 5.271066126111528138e+04 7.435826043292763643e-01 4.000000000000000000e+00 4.096564705881999835e-02 2.048282352940999917e-02 6.247015382587696182e-13
1.340000000000000000e+04 1.638716329603599906e+08 5.271066241852268286e+04 7.443798541326032137e-01 8.000000000000000000e+00 8.193129411765000258e-02 2.896708683098999856e-02 1.249403076517691909e-12
1.350000000000000000e+04 1.638717329603599906e+08 5.271066357593009161e+04 7.451771039404775365e-01 3.000000000000000000e+00 3.072423529412000170e-02 1.773864551770000172e-02 4.685261536941534997e-13
1.360000000000000000e+04 1.638718329603599906e+08 5.271066473333750037e+04 7.459743537483518594e-01 2.000000000000000000e+00 2.048282352940999917e-02 1.448354341548999981e-02 3.123507691293848091e-13
1.370000000000000000e+04 1.638719329603599906e+08 5.271066589074490912e+04 7.467716035562261823e-01 3.000000000000000000e+00 3.072423529412000170e-02 1.773864551770000172e-02 4.685261536941534997e-13
1.380000000000000000e+04 1.638720329603599906e+08 5.271066704815231788e+04 7.475688533641005051e-01 2.000000000000000000e+00 2.048282352940999917e-02 1.448354341548999981e-02 3.123507691293848091e-13
1.390000000000000000e+04 1.638721329603599906e+08 5.271066820555971935e+04 7.483661031674273545e-01 2.000000000000000000e+00 2.048282352940999917e-02 1.448354341548999981e-02 3.123507691293848091e-13
1.400000000000000000e+04 1.638722329603599906e+08 5.271066936296712811e+04 7.491633529753016774e-01 3.000000000000000000e+00 3.072423529412000170e-02 1.773864551770000172e-02 4.685261536941534997e-13
1.410000000000000000e+04 1.638723329603599906e+08 5.271067052037453686e+04 7.499606027831760002e-01 6.000000000000000000e+00 6.144847058824000341e-02 2.508623306926999891e-02 9.370523073883069994e-13
1.420000000000000000e+04 1.638724329603599906e+08 5.271067167778194562e+04 7.507578525910503231e-01 2.000000000000000000e+00 2.048282352940999917e-02 1.448354341548999981e-02 3.123507691293848091e-13
1.430000000000000000e+04 1.638725329603599906e+08 5.271067283518935437e+04 7.515551023989246460e-01 3.000000000000000000e+00 3.072423529412000170e-02 1.773864551770000172e-02 4.685261536941534997e-13
1.440000000000000000e+04 1.638726329603599906e+08 5.271067399259675585e+04 7.523523522022514953e-01 8.000000000000000000e+00 8.193129411765000258e-02 2.896708683098999856e-02 1.249403076517691909e-12
1.450000000000000000e+04 1.638727329603599906e+08 5.271067515000416461e+04 7.531496020101258182e-01 1.000000000000000000e+00 1.024141176471000080e-02 1.024141176471000080e-02 1.561753845647686653e-13
1.460000000000000000e+04 1.638728329603599906e+08 5.271067630741157336e+04 7.539468518180001411e-01 3.000000000000000000e+00 3.072423529412000170e-02 1.773864551770000172e-02 4.685261536941534997e-13
1.470000000000000000e+04 1.638729329603599906e+08 5.271067746481898212e+04 7.547441016258744639e-01 2.000000000000000000e+00 2.048282352940999917e-02 1.448354341548999981e-02 3.123507691293848091e-13
1.480000000000000000e+04 1.638730329603599906e+08 5.271067862222639087e+04 7.555413514337487868e-01 8.000000000000000000e+00 8.193129411765000258e-02 2.896708683098999856e-02 1.249403076517691909e-12
1.490000000000000000e+04 1.638731329603599906e+08 5.271067977963379963e+04 7.563386012425326044e-01 1.100000000000000000e+01 1.126555294117600053e-01 3.396692014706000073e-02 1.717929230211692938e-12
1.500000000000000000e+04 1.638732329603599906e+08 5.271068093704120110e+04 7.571358510449499590e-01 1.100000000000000000e+01 1.126555294117600053e-01 3.396692014706000073e-02 1.717929230211692938e-12
1.510000000000000000e+04 1.638733329603599906e+08 5.271068209444860986e+04 7.579331008528242819e-01 7.000000000000000000e+00 7.168988235293999312e-02 2.709622860362000119e-02 1.093227691952923118e-12
1.520000000000000000e+04 1.638734329603599906e+08 5.271068325185601861e+04 7.587303506606986048e-01 5.000000000000000000e+00 5.120705882353000088e-02 2.290049289144999861e-02 7.808769228235383088e-13
1.530000000000000000e+04 1.638735329603599906e+08 5.271068440926342737e+04 7.595276004694824223e-01 5.000000000000000000e+00 5.120705882353000088e-02 2.290049289144999861e-02 7.808769228235383088e-13
1.540000000000000000e+04 1.638736329603599906e+08 5.271068556667083612e+04 7.603248502773567452e-01 9.000000000000000000e+00 9.217270588235000617e-02 3.072423529412000170e-02 1.405578461082308028e-12
1.550000000000000000e+04 1.638737329603599906e+08 5.271068672407823760e+04 7.611221000797740999e-01 5.000000000000000000e+00 5.120705882353000088e-02 2.290049289144999861e-02 7.808769228235383088e-13
1.560000000000000000e+04 1.638738329603599906e+08 5.271068788148564636e+04 7.619193498876484227e-01 5.000000000000000000e+00 5.120705882353000088e-02 2.290049289144999861e-02 7.808769228235383088e-13
1.570000000000000000e+04 1.638739329603599906e+08 5.271068903889305511e+04 7.627165996964322403e-01 9.000000000000000000e+00 9.217270588235000617e-02 3.072423529412000170e-02 1.405578461082308028e-12
1.580000000000000000e+04 1.638740329603599906e+08 5.271069019630046387e+04 7.635138495043065632e-01 2.000000000000000000e+00 2.048282352940999917e-02 1.448354341548999981e-02 3.123507691293848091e-13
1.590000000000000000e+04 1.638741329603599906e+08 5.271069135370787262e+04 7.643110993121808860e-01 8.000000000000000000e+00 8.193129411765000258e-02 2.896708683098999856e-02 1.249403076517691909e-12
1.600000000000000000e+04 1.638742329603599906e+08 5.271069251111528138e+04 7.651083491200552089e-01 6.000000000000000000e+00 6.144847058824000341e-02 2.508623306926999891e-02 9.370523073883069994e-13
1.610000000000000000e+04 1.638743329603599906e+08 5.271069366852268286e+04 7.659055989233820583e-01 7.000000000000000000e+00 7.168988235293999312e-02 2.709622860362000119e-02 1.093227691952923118e-12
1.620000000000000000e+04 1.638744329603599906e+08 5.271069482593009161e+04 7.667028487312563811e-01 7.000000000000000000e+00 7.168988235293999312e-02 2.709622860362000119e-02 1.093227691952923118e-12
1.630000000000000000e+04 1.638745329603599906e+08 5.271069598333750037e+04 7.675000985391307040e-01 5.000000000000000000e+00 5.120705882353000088e-02 2.290049289144999861e-02 7.808769228235383088e-13
1.640000000000000000e+04 1.638746329603599906e+08 5.271069714074490912e+04 7.682973483470050269e-01 9.000000000000000000e+00 9.217270588235000617e-02 3.072423529412000170e-02 1.405578461082308028e-12
1.650000000000000000e+04 1.638747329603599906e+08 5.271069829815231788e+04 7.690945981548793497e-01 4.000000000000000000e+00 4.096564705881999835e-02 2.048282352940999917e-02 6.247015382587696182e-13
1.660000000000000000e+04 1.638748329603599906e+08 5.271069945555971935e+04 7.698918479582061991e-01 8.000000000000000000e+00 8.193129411765000258e-02 2.896708683098999856e-02 1.249403076517691909e-12
1.670000000000000000e+04 1.638749329603599906e+08 5.271070061296712811e+04 7.706890977660805220e-01 5.000000000000000000e+00 5.120705882353000088e-02 2.290049289144999861e-02 7.808769228235383088e-13
1.680000000000000000e+04 1.638750329603599906e+08 5.271070177037453686e+04 7.714863475739548448e-01 4.000000000000000000e+00 4.096564705881999835e-02 2.048282352940999917e-02 6.247015382587696182e-13
1.690000000000000000e+04 1.638751329603599906e+08 5.271070292778194562e+04 7.722835973818291677e-01 7.000000000000000000e+00 7.168988235293999312e-02 2.709622860362000119e-02 1.093227691952923118e-12
1.700000000000000000e+04 1.638752329603599906e+08 5.271070408518935437e+04 7.730808471897034906e-01 4.000000000000000000e+00 4.096564705881999835e-02 2.048282352940999917e-02 6.247015382587696182e-13
1.710000000000000000e+04 1.638753329603599906e+08 5.271070524259675585e+04 7.738780969930303399e-01 1.100000000000000000e+01 1.126555294117600053e-01 3.396692014706000073e-02 1.717929230211692938e-12
1.720000000000000000e+04 1.638754329603599906e+08 5.271070640000416461e+04 7.746753468009046628e-01 7.000000000000000000e+00 7.168988235293999312e-02 2.709622860362000119e-02 1.093227691952923118e-12
1.730000000000000000e+04 1.638755329603599906e+08 5.271070755741157336e+04 7.754725966087789857e-01 6.000000000000000000e+00 6.144847058824000341e-02 2.508623306926999891e-02 9.370523073883069994e-13
1.740000000000000000e+04 1.638756329603599906e+08 5.271070871481898212e+04 7.762698464166533086e-01 9.000000000000000000e+00 9.217270588235000617e-02 3.072423529412000170e-02 1.405578461082308028e-12
1.750000000000000000e+04 1.638757329603599906e+08 5.271070987222639087e+04 7.770670962245276314e-01 5.000000000000000000e+00 5.120705882353000088e-02 2.290049289144999861e-02 7.808769228235383088e-13
1.760000000000000000e+04 1.638758329603599906e+08 5.271071102963379963e+04 7.778643460333114490e-01 6.000000000000000000e+00 6.144847058824000341e-02 2.508623306926999891e-02 9.370523073883069994e-13
1.770000000000000000e+04 1.638759329603599906e+08 5.271071218704120110e+04 7.786615958357288036e-01 8.000000000000000000e+00 8.193129411765000258e-02 2.896708683098999856e-02 1.249403076517691909e-12
1.780000000000000000e+04 1.638760329603599906e+08 5.271071334444860986e+04 7.794588456436031265e-01 4.000000000000000000e+00 4.096564705881999835e-02 2.048282352940999917e-02 6.247015382587696182e-13
1.790000000000000000e+04 1.638761329603599906e+08 5.271071450185601861e+04 7.802560954514774494e-01 7.000000000000000000e+00 7.168988235293999312e-02 2.709622860362000119e-02 1.093227691952923118e-12
1.800000000000000000e+04 1.638762329603599906e+08 5.271071565926342737e+04 7.810533452602612670e-01 8.000000000000000000e+00 8.193129411765000258e-02 2.896708683098999856e-02 1.249403076517691909e-12
1.810000000000000000e+04 1.638763329603599906e+08 5.271071681667083612e+04 7.818505950681355898e-01 9.000000000000000000e+00 9.217270588235000617e-02 3.072423529412000170e-02 1.405578461082308028e-12
1.820000000000000000e+04 1.638764329603599906e+08 5.271071797407823760e+04 7.826478448705529445e-01 3.000000000000000000e+00 3.072423529412000170e-02 1.773864551770000172e-02 4.685261536941534997e-13
1.830000000000000000e+04 1.638765329603599906e+08 5.271071913148564636e+04 7.834450946784272674e-01 7.000000000000000000e+00 7.168988235293999312e-02 2.709622860362000119e-02 1.093227691952923118e-12
1.840000000000000000e+04 1.638766329603599906e+08 5.271072028889305511e+04 7.842423444872110849e-01 6.000000000000000000e+00 6.144847058824000341e-02 2.508623306926999891e-02 9.370523073883069994e-13
1.850000000000000000e+04 1.638767329603599906e+08 5.271072144630046387e+04 7.850395942950854078e-01 8.000000000000000000e+00 8.193129411765000258e-02 2.896708683098999856e-02 1.249403076517691909e-12
1.860000000000000000e+04 1.638768329603599906e+08 5.271072260370787262e+04 7.858368441029597307e-01 1.400000000000000000e+01 1.433797647058799862e-01 3.831985398040999719e-02 2.186455383905846236e-12
1.870000000000000000e+04 1.638769329603599906e+08 5.271072376111528138e+04 7.866340939108340535e-01 4.000000000000000000e+00 4.096564705881999835e-02 2.048282352940999917e-02 6.247015382587696182e-13
1.880000000000000000e+04 1.638770329603599906e+08 5.271072491852268286e+04 7.874313437141609029e-01 9.000000000000000000e+00 9.217270588235000617e-02 3.072423529412000170e-02 1.405578461082308028e-12
1.890000000000000000e+04 1.638771329603599906e+08 5.271072607593009161e+04 7.882285935220352258e-01 8.000000000000000000e+00 8.193129411765000258e-02 2.896708683098999856e-02 1.249403076517691909e-12
1.900000000000000000e+04 1.638772329603599906e+08 5.271072723333750037e+04 7.890258433299095486e-01 9.000000000000000000e+00 9.217270588235000617e-02 3.072423529412000170e-02 1.405578461082308028e-12
1.910000000000000000e+04 1.638773329603599906e+08 5.271072839074490912e+04 7.898230931377838715e-01 9.000000000000000000e+00 9.217270588235000617e-02 3.072423529412000170e-02 1.405578461082308028e-12
1.920000000000000000e+04 1.638774329603599906e+08 5.271072954815231788e+04 7.906203429456581944e-01 1.200000000000000000e+01 1.228969411764700009e-01 3.547729103541000240e-02 1.874104614776461326e-12
1.930000000000000000e+04 1.638775329603599906e+08 5.271073070555971935e+04 7.914175927489850437e-01 4.000000000000000000e+00 4.096564705881999835e-02 2.048282352940999917e-02 6.247015382587696182e-13
1.940000000000000000e+04 1.638776329603599906e+08 5.271073186296712811e+04 7.922148425568593666e-01 8.000000000000000000e+00 8.193129411765000258e-02 2.896708683098999856e-02 1.249403076517691909e-12
1.950000000000000000e+04 1.638777329603599906e+08 5.271073302037453686e+04 7.930120923647336895e-01 4.000000000000000000e+00 4.096564705881999835e-02 2.048282352940999917e-02 6.247015382587696182e-13
1.960000000000000000e+04 1.638778329603599906e+08 5.271073417778194562e+04 7.938093421726080123e-01 6.000000000000000000e+00 6.144847058824000341e-02 2.508623306926999891e-02 9.370523073883069994e-13
1.970000000000000000e+04 1.638779329603599906e+08 5.271073533518935437e+04 7.946065919804823352e-01 6.000000000000000000e+00 6.144847058824000341e-02 2.508623306926999891e-02 9.370523073883069994e-13
1.980000000000000000e+04 1.638780329603599906e+08 5.271073649259675585e+04 7.954038417838091846e-01 8.000000000000000000e+00 8.193129411765000258e-02 2.896708683098999856e-02 1.249403076517691909e-12
1.990000000000000000e+04 1.638781329603599906e+08 5.271073765000416461e+04 7.962010915916835074e-01 4.000000000000000000e+00 4.096564705881999835e-02 2.048282352940999917e-02 6.247015382587696182e-13
2.000000000000000000e+04 1.638782329603599906e+08 5.271073880741157336e+04 7.969983413995578303e-01 4.000000000000000000e+00 4.096564705881999835e-02 2.048282352940999917e-02 6.247015382587696182e-13
2.010000000000000000e+04 1.638783329603599906e+08 5.271073996481898212e+04 7.977955912074321532e-01 2.000000000000000000e+00 2.048282352940999917e-02 1.448354341548999981e-02 3.123507691293848091e-13
2.020000000000000000e+04 1.638784329603599906e+08 5.271074112222639087e+04 7.985928410153064760e-01 6.000000000000000000e+00 6.144847058824000341e-02 2.508623306926999891e-02 9.370523073883069994e-13
2.030000000000000000e+04 1.638785329603599906e+08 5.271074227963379963e+04 7.993900908240902936e-01 5.000000000000000000e+00 5.120705882353000088e-02 2.290049289144999861e-02 7.808769228235383088e-13
2.040000000000000000e+04 1.638786329603599906e+08 5.271074343704120110e+04 8.001873406265076483e-01 9.000000000000000000e+00 9.217270588235000617e-02 3.072423529412000170e-02 1.405578461082308028e-12
2.050000000000000000e+04 1.638787329603599906e+08 5.271074459444860986e+04 8.009845904343819711e-01 1.000000000000000000e+01 1.024141176470600018e-01 3.238618763211999901e-02 1.561753845647076618e-12
2.060000000000000000e+04 1.638788329603599906e+08 5.271074575185601861e+04 8.017818402422562940e-01 9.000000000000000000e+00 9.217270588235000617e-02 3.072423529412000170e-02 1.405578461082308028e-12
2.070000000000000000e+04 1.638789329603599906e+08 5.271074690926342737e+04 8.025790900510401116e-01 1.000000000000000000e+01 1.024141176470600018e-01 3.238618763211999901e-02 1.561753845647076618e-12
2.080000000000000000e+04 1.638790329603599906e+08 5.271074806667083612e+04 8.033763398589144344e-01 4.000000000000000000e+00 4.096564705881999835e-02 2.048282352940999917e-02 6.247015382587696182e-13
2.090000000000000000e+04 1.638791329603599906e+08 5.271074922407823760e+04 8.041735896613317891e-01 1.000000000000000000e+01 1.024141176470600018e-01 3.238618763211999901e-02 1.561753845647076618e-12
2.100000000000000000e+04 1.638792329603599906e+08 5.271075038148564636e+04 8.049708394692061120e-01 8.000000000000000000e+00 8.193129411765000258e-02 2.896708683098999856e-02 1.249403076517691909e-12
2.110000000000000000e+04 1.638793329603599906e+08 5.271075153889305511e+04 8.057680892779899295e-01 7.000000000000000000e+00 7.168988235293999312e-02 2.709622860362000119e-02 1.093227691952923118e-12
2.120000000000000000e+04 1.638794329603599906e+08 5.271075269630046387e+04 8.065653390858642524e-01 4.000000000000000000e+00 4.096564705881999835e-02 2.048282352940999917e-02 6.247015382587696182e-13
2.130000000000000000e+04 1.638795329603599906e+08 5.271075385370787262e+04 8.073625888937385753e-01 1.000000000000000000e+01 1.024141176470600018e-01 3.238618763211999901e-02 1.561753845647076618e-12
2.140000000000000000e+04 1.638796329603599906e+08 5.271075501111528138e+04 8.081598387016128981e-01 8.000000000000000000e+00 8.193129411765000258e-02 2.896708683098999856e-02 1.249403076517691909e-12
2.150000000000000000e+04 1.638797329603599906e+08 5.271075616852268286e+04 8.089570885049397475e-01 6.000000000000000000e+00 6.144847058824000341e-02 2.508623306926999891e-02 9.370523073883069994e-13
2.160000000000000000e+04 1.638798329603599906e+08 5.271075732593009161e+04 8.097543383128140704e-01 1.200000000000000000e+01 1.228969411764700009e-01 3.547729103541000240e-02 1.874104614776461326e-12
2.170000000000000000e+04 1.638799329603599906e+08 5.271075848333750037e+04 8.105515881206883932e-01 8.000000000000000000e+00 8.193129411765000258e-02 2.896708683098999856e-02 1.249403076517691909e-12
2.180000000000000000e+04 1.638800329603599906e+08 5.271075964074490912e+04 8.113488379285627161e-01 1.400000000000000000e+01 1.433797647058799862e-01 3.831985398040999719e-02 2.186455383905846236e-12
2.190000000000000000e+04 1.638801329603599906e+08 5.271076079815231788e+04 8.121460877364370390e-01 1.200000000000000000e+01 1.228969411764700009e-01 3.547729103541000240e-02 1.874104614776461326e-12
2.200000000000000000e+04 1.638802329603599906e+08 5.271076195555971935e+04 8.129433375397638883e-01 6.000000000000000000e+00 6.144847058824000341e-02 2.508623306926999891e-02 9.370523073883069994e-13
2.210000000000000000e+04 1.638803329603599906e+08 5.271076311296712811e+04 8.137405873476382112e-01 9.000000000000000000e+00 9.217270588235000617e-02 3.072423529412000170e-02 1.405578461082308028e-12
2.220000000000000000e+04 1.638804329603599906e+08 5.271076427037453686e+04 8.145378371555125341e-01 1.500000000000000000e+01 1.536211764705900096e-01 3.966481720635999658e-02 2.342630768470615229e-12
2.230000000000000000e+04 1.638805329603599906e+08 5.271076542778194562e+04 8.153350869633868570e-01 4.000000000000000000e+00 4.096564705881999835e-02 2.048282352940999917e-02 6.247015382587696182e-13
2.240000000000000000e+04 1.638806329603599906e+08 5.271076658518935437e+04 8.161323367712611798e-01 1.000000000000000000e+01 1.024141176470600018e-01 3.238618763211999901e-02 1.561753845647076618e-12
2.250000000000000000e+04 1.638807329603599906e+08 5.271076774259675585e+04 8.169295865745880292e-01 1.000000000000000000e+01 1.024141176470600018e-01 3.238618763211999901e-02 1.561753845647076618e-12
2.260000000000000000e+04 1.638808329603599906e+08 5.271076890000416461e+04 8.177268363824623520e-01 1.900000000000000000e+01 1.945868235294100079e-01 4.464127892153999660e-02 2.967332306729384646e-12
2.270000000000000000e+04 1.638809329603599906e+08 5.271077005741157336e+04 8.185240861903366749e-01 9.000000000000000000e+00 9.217270588235000617e-02 3.072423529412000170e-02 1.405578461082308028e-12
2.280000000000000000e+04 1.638810329603599906e+08 5.271077121481898212e+04 8.193213359982109978e-01 1.200000000000000000e+01 1.228969411764700009e-01 3.547729103541000240e-02 1.874104614776461326e-12
2.290000000000000000e+04 1.638811329603599906e+08 5.271077237222639087e+04 8.201185858060853207e-01 1.400000000000000000e+01 1.433797647058799862e-01 3.831985398040999719e-02 2.186455383905846236e-12
2.300000000000000000e+04 1.638812329603599906e+08 5.271077352963379963e+04 8.209158356148691382e-01 8.000000000000000000e+00 8.193129411765000258e-02 2.896708683098999856e-02 1.249403076517691909e-12
2.310000000000000000e+04 1.638813329603599906e+08 5.271077468704120110e+04 8.217130854172864929e-01 1.600000000000000000e+01 1.638625882352900132e-01 4.096564705881999835e-02 2.498806153035231146e-12
2.320000000000000000e+04 1.638814329603599906e+08 5.271077584444860986e+04 8.225103352251608158e-01 1.000000000000000000e+01 1.024141176470600018e-01 3.238618763211999901e-02 1.561753845647076618e-12
2.330000000000000000e+04 1.638815329603599906e+08 5.271077700185601861e+04 8.233075850330351386e-01 7.000000000000000000e+00 7.168988235293999312e-02 2.709622860362000119e-02 1.093227691952923118e-12
2.340000000000000000e+04 1.638816329603599906e+08 5.271077815926342737e+04 8.241048348418189562e-01 1.300000000000000000e+01 1.331383529411800104e-01 3.692593525078999989e-02 2.030279999341230319e-12
2.350000000000000000e+04 1.638817329603599906e+08 5.271077931667083612e+04 8.249020846496932791e-01 9.000000000000000000e+00 9.217270588235000617e-02 3.072423529412000170e-02 1.405578461082308028e-12
2.360000000000000000e+04 1.638818329603599906e+08 5.271078047407823760e+04 8.256993344521106337e-01 1.300000000000000000e+01 1.331383529411800104e-01 3.692593525078999989e-02 2.030279999341230319e-12
2.370000000000000000e+04 1.638819329603599906e+08 5.271078163148564636e+04 8.264965842599849566e-01 8.000000000000000000e+00 8.193129411765000258e-02 2.896708683098999856e-02 1.249403076517691909e-12
2.380000000000000000e+04 1.638820329603599906e+08 5.271078278889305511e+04 8.272938340687687742e-01 1.000000000000000000e+01 1.024141176470600018e-01 3.238618763211999901e-02 1.561753845647076618e-12
2.390000000000000000e+04 1.638821329603599906e+08 5.271078394630046387e+04 8.280910838766430970e-01 1.000000000000000000e+01 1.024141176470600018e-01 3.238618763211999901e-02 1.561753845647076618e-12
2.400000000000000000e+04 1.638822329603599906e+08 5.271078510370787262e+04 8.288883336845174199e-01 5.000000000000000000e+00 5.120705882353000088e-02 2.290049289144999861e-02 7.808769228235383088e-13
2.410000000000000000e+04 1.638823329603599906e+08 5.271078626111528138e+04 8.296855834923917428e-01 1.000000000000000000e+01 1.024141176470600018e-01 3.238618763211999901e-02 1.561753845647076618e-12
2.420000000000000000e+04 1.638824329603599906e+08 5.271078741852268286e+04 8.304828332957185921e-01 8.000000000000000000e+00 8.193129411765000258e-02 2.896708683098999856e-02 1.249403076517691909e-12
2.430000000000000000e+04 1.638825329603599906e+08 5.271078857593009161e+04 8.312800831035929150e-01 6.000000000000000000e+00 6.144847058824000341e-02 2.508623306926999891e-02 9.370523073883069994e-13
2.440000000000000000e+04 1.638826329603599906e+08 5.271078973333750037e+04 8.320773329114672379e-01 1.000000000000000000e+01 1.024141176470600018e-01 3.238618763211999901e-02 1.561753845647076618e-12
2.450000000000000000e+04 1.638827329603599906e+08 5.271079089074490912e+04 8.328745827193415607e-01 8.000000000000000000e+00 8.193129411765000258e-02 2.896708683098999856e-02 1.249403076517691909e-12
2.460000000000000000e+04 1.638828329603599906e+08 5.271079204815231788e+04 8.336718325272158836e-01 7.000000000000000000e+00 7.168988235293999312e-02 2.709622860362000119e-02 1.093227691952923118e-12
2.470000000000000000e+04 1.638829329603599906e+08 5.271079320555971935e+04 8.344690823305427330e-01 1.500000000000000000e+01 1.536211764705900096e-01 3.966481720635999658e-02 2.342630768470615229e-12
2.480000000000000000e+04 1.638830329603599906e+08 5.271079436296712811e+04 8.352663321384170558e-01 1.100000000000000000e+01 1.126555294117600053e-01 3.396692014706000073e-02 1.717929230211692938e-12
2.490000000000000000e+04 1.638831329603599906e+08 5.271079552037453686e+04 8.360635819462913787e-01 1.100000000000000000e+01 1.126555294117600053e-01 3.396692014706000073e-02 1.717929230211692938e-12
2.500000000000000000e+04 1.638832329603599906e+08 5.271079667778194562e+04 8.368608317541657016e-01 8.000000000000000000e+00 8.193129411765000258e-02 2.896708683098999856e-02 1.249403076517691909e-12
2.510000000000000000e+04 1.638833329603599906e+08 5.271079783518935437e+04 8.376580815620400244e-01 1.100000000000000000e+01 1.126555294117600053e-01 3.396692014706000073e-02 1.717929230211692938e-12
2.520000000000000000e+04 1.638834329603599906e+08 5.271079899259675585e+04 8.384553313653668738e-01 8.000000000000000000e+00 8.193129411765000258e-02 2.896708683098999856e-02 1.249403076517691909e-12
2.530000000000000000e+04 1.638835329603599906e+08 5.271080015000416461e+04 8.392525811732411967e-01 7.000000000000000000e+00 7.168988235293999312e-02 2.709622860362000119e-02 1.093227691952923118e-12
2.540000000000000000e+04 1.638836329603599906e+08 5.271080130741157336e+04 8.400498309811155195e-01 8.000000000000000000e+00 8.193129411765000258e-02 2.896708683098999856e-02 1.249403076517691909e-12
2.550000000000000000e+04 1.638837329603599906e+08 5.271080246481898212e+04 8.408470807889898424e-01 6.000000000000000000e+00 6.144847058824000341e-02 2.508623306926999891e-02 9.370523073883069994e-13
2.560000000000000000e+04 1.638838329603599906e+08 5.271080362222639087e+04 8.416443305968641653e-01 7.000000000000000000e+00 7.168988235293999312e-02 2.709622860362000119e-02 1.093227691952923118e-12
2.570000000000000000e+04 1.638839329603599906e+08 5.271080477963379963e+04 8.424415804047384881e-01 3.000000000000000000e+00 3.072423529412000170e-02 1.773864551770000172e-02 4.685261536941534997e-13
2.580000000000000000e+04 1.638840329603599906e+08 5.271080593704120110e+04 8.432388302080653375e-01 6.000000000000000000e+00 6.144847058824000341e-02 2.508623306926999891e-02 9.370523073883069994e-13
2.590000000000000000e+04 1.638841329603599906e+08 5.271080709444860986e+04 8.440360800159396604e-01 1.000000000000000000e+01 1.024141176470600018e-01 3.238618763211999901e-02 1.561753845647076618e-12
2.600000000000000000e+04 1.638842329603599906e+08 5.271080825185601861e+04 8.448333298238139832e-01 6.000000000000000000e+00 6.144847058824000341e-02 2.508623306926999891e-02 9.370523073883069994e-13
2.610000000000000000e+04 1.638843329603599906e+08 5.271080940926342737e+04 8.456305796325978008e-01 1.000000000000000000e+01 1.024141176470600018e-01 3.238618763211999901e-02 1.561753845647076618e-12
2.620000000000000000e+04 1.638844329603599906e+08 5.271081056667083612e+04 8.464278294404721237e-01 6.000000000000000000e+00 6.144847058824000341e-02 2.508623306926999891e-02 9.370523073883069994e-13
2.630000000000000000e+04 1.638845329603599906e+08 5.271081172407823760e+04 8.472250792428894783e-01 7.000000000000000000e+00 7.168988235293999312e-02 2.709622860362000119e-02 1.093227691952923118e-12
2.640000000000000000e+04 1.638846329603599906e+08 5.271081288148564636e+04 8.480223290507638012e-01 6.000000000000000000e+00 6.144847058824000341e-02 2.508623306926999891e-02 9.370523073883069994e-13
2.650000000000000000e+04 1.638847329603599906e+08 5.271081403889305511e+04 8.488195788595476188e-01 2.000000000000000000e+00 2.048282352940999917e-02 1.448354341548999981e-02 3.123507691293848091e-13
2.660000000000000000e+04 1.638848329603599906e+08 5.271081519630046387e+04 8.496168286674219416e-01 4.000000000000000000e+00 4.096564705881999835e-02 2.048282352940999917e-02 6.247015382587696182e-13
2.670000000000000000e+04 1.638849329603599906e+08 5.271081635370787262e+04 8.504140784752962645e-01 7.000000000000000000e+00 7.168988235293999312e-02 2.709622860362000119e-02 1.093227691952923118e-12
2.680000000000000000e+04 1.638850329603599906e+08 5.271081751111528138e+04 8.512113282831705874e-01 8.000000000000000000e+00 8.193129411765000258e-02 2.896708683098999856e-02 1.249403076517691909e-12
2.690000000000000000e+04 1.638851329603599906e+08 5.271081866852268286e+04 8.520085780864974367e-01 5.000000000000000000e+00 5.120705882353000088e-02 2.290049289144999861e-02 7.808769228235383088e-13
2.700000000000000000e+04 1.638852329603599906e+08 5.271081982593009161e+04 8.528058278943717596e-01 8.000000000000000000e+00 8.193129411765000258e-02 2.896708683098999856e-02 1.249403076517691909e-12
2.710000000000000000e+04 1.638853329603599906e+08 5.271082098333750037e+04 8.536030777022460825e-01 1.300000000000000000e+01 1.331383529411800104e-01 3.692593525078999989e-02 2.030279999341230319e-12
2.720000000000000000e+04 1.638854329603599906e+08 5.271082214074490912e+04 8.544003275101204053e-01 5.000000000000000000e+00 5.120705882353000088e-02 2.290049289144999861e-02 7.808769228235383088e-13
2.730000000000000000e+04 1.638855329603599906e+08 5.271082329815231788e+04 8.551975773179947282e-01 1.000000000000000000e+01 1.024141176470600018e-01 3.238618763211999901e-02 1.561753845647076618e-12
2.740000000000000000e+04 1.638856329603599906e+08 5.271082445555971935e+04 8.559948271213215776e-01 6.000000000000000000e+00 6.144847058824000341e-02 2.508623306926999891e-02 9.370523073883069994e-13
2.750000000000000000e+04 1.638857329603599906e+08 5.271082561296712811e+04 8.567920769291959004e-01 1.100000000000000000e+01 1.126555294117600053e-01 3.396692014706000073e-02 1.717929230211692938e-12
2.760000000000000000e+04 1.638858329603599906e+08 5.271082677037453686e+04 8.575893267370702233e-01 7.000000000000000000e+00 7.168988235293999312e-02 2.709622860362000119e-02 1.093227691952923118e-12
2.770000000000000000e+04 1.638859329603599906e+08 5.271082792778194562e+04 8.583865765449445462e-01 7.000000000000000000e+00 7.168988235293999312e-02 2.709622860362000119e-02 1.093227691952923118e-12
2.780000000000000000e+04 1.638860329603599906e+08 5.271082908518935437e+04 8.591838263528188691e-01 8.000000000000000000e+00 8.193129411765000258e-02 2.896708683098999856e-02 1.249403076517691909e-12
2.790000000000000000e+04 1.638861329603599906e+08 5.271083024259675585e+04 8.599810761561457184e-01 5.000000000000000000e+00 5.120705882353000088e-02 2.290049289144999861e-02 7.808769228235383088e-13
2.800000000000000000e+04 1.638862329603599906e+08 5.271083140000416461e+04 8.607783259640200413e-01 1.000000000000000000e+01 1.024141176470600018e-01 3.238618763211999901e-02 1.561753845647076618e-12
2.810000000000000000e+04 1.638863329603599906e+08 5.271083255741157336e+04 8.615755757718943642e-01 1.100000000000000000e+01 1.126555294117600053e-01 3.396692014706000073e-02 1.717929230211692938e-12
2.820000000000000000e+04 1.638864329603599906e+08 5.271083371481898212e+04 8.623728255797686870e-01 7.000000000000000000e+00 7.168988235293999312e-02 2.709622860362000119e-02 1.093227691952923118e-12
2.830000000000000000e+04 1.638865329603599906e+08 5.271083487222639087e+04 8.631700753876430099e-01 1.400000000000000000e+01 1.433797647058799862e-01 3.831985398040999719e-02 2.186455383905846236e-12
2.840000000000000000e+04 1.638866329603599906e+08 5.271083602963379963e+04 8.639673251955173328e-01 9.000000000000000000e+00 9.217270588235000617e-02 3.072423529412000170e-02 1.405578461082308028e-12
2.850000000000000000e+04 1.638867329603599906e+08 5.271083718704120110e+04 8.647645749988441821e-01 1.000000000000000000e+01 1.024141176470600018e-01 3.238618763211999901e-02 1.561753845647076618e-12
2.860000000000000000e+04 1.638868329603599906e+08 5.271083834444860986e+04 8.655618248067185050e-01 1.200000000000000000e+01 1.228969411764700009e-01 3.547729103541000240e-02 1.874104614776461326e-12
2.870000000000000000e+04 1.638869329603599906e+08 5.271083950185601861e+04 8.663590746145928279e-01 6.000000000000000000e+00 6.144847058824000341e-02 2.508623306926999891e-02 9.370523073883069994e-13
2.880000000000000000e+04 1.638870329603599906e+08 5.271084065926342737e+04 8.671563244224671507e-01 1.400000000000000000e+01 1.433797647058799862e-01 3.831985398040999719e-02 2.186455383905846236e-12
2.890000000000000000e+04 1.638871329603599906e+08 5.271084181667083612e+04 8.679535742312509683e-01 6.000000000000000000e+00 6.144847058824000341e-02 2.508623306926999891e-02 9.370523073883069994e-13
2.900000000000000000e+04 1.638872329603599906e+08 5.271084297407823760e+04 8.687508240336683230e-01 1.400000000000000000e+01 1.433797647058799862e-01 3.831985398040999719e-02 2.186455383905846236e-12
2.910000000000000000e+04 1.638873329603599906e+08 5.271084413148564636e+04 8.695480738415426458e-01 1.200000000000000000e+01 1.228969411764700009e-01 3.547729103541000240e-02 1.874104614776461326e-12
2.920000000000000000e+04 1.638874329603599906e+08 5.271084528889305511e+04 8.703453236503264634e-01 1.000000000000000000e+01 1.024141176470600018e-01 3.238618763211999901e-02 1.561753845647076618e-12
2.930000000000000000e+04 1.638875329603599906e+08 5.271084644630046387e+04 8.711425734582007863e-01 8.000000000000000000e+00 8.193129411765000258e-02 2.896708683098999856e-02 1.249403076517691909e-12
2.940000000000000000e+04 1.638876329603599906e+08 5.271084760370787262e+04 8.719398232660751091e-01 1.400000000000000000e+01 1.433797647058799862e-01 3.831985398040999719e-02 2.186455383905846236e-12
2.950000000000000000e+04 1.638877329603599906e+08 5.271084876111528138e+04 8.727370730739494320e-01 7.000000000000000000e+00 7.168988235293999312e-02 2.709622860362000119e-02 1.093227691952923118e-12
2.960000000000000000e+04 1.638878329603599906e+08 5.271084991852268286e+04 8.735343228772762814e-01 7.000000000000000000e+00 7.168988235293999312e-02 2.709622860362000119e-02 1.093227691952923118e-12
2.970000000000000000e+04 1.638879329603599906e+08 5.271085107593009161e+04 8.743315726851506042e-01 1.000000000000000000e+01 1.024141176470600018e-01 3.238618763211999901e-02 1.561753845647076618e-12
2.980000000000000000e+04 1.638880329603599906e+08 5.271085223333750037e+04 8.751288224930249271e-01 5.000000000000000000e+00 5.120705882353000088e-02 2.290049289144999861e-02 7.808769228235383088e-13
2.990000000000000000e+04 1.638881329603599906e+08 5.271085339074490912e+04 8.759260723008992500e-01 9.000000000000000000e+00 9.217270588235000617e-02 3.072423529412000170e-02 1.405578461082308028e-12
3.000000000000000000e+04 1.638882329603599906e+08 5.271085454815231788e+04 8.767233221087735728e-01 1.000000000000000000e+01 1.024141176470600018e-01 3.238618763211999901e-02 1.561753845647076618e-12
3.010000000000000000e+04 1.638883329603599906e+08 5.271085570555971935e+04 8.775205719121004222e-01 7.000000000000000000e+00 7.168988235293999312e-02 2.709622860362000119e-02 1.093227691952923118e-12
3.020000000000000000e+04 1.638884329603599906e+08 5.271085686296712811e+04 8.783178217199747451e-01 1.100000000000000000e+01 1.126555294117600053e-01 3.396692014706000073e-02 1.717929230211692938e-12
3.030000000000000000e+04 1.638885329603599906e+08 5.271085802037453686e+04 8.791150715278490679e-01 1.000000000000000000e+01 1.024141176470600018e-01 3.238618763211999901e-02 1.561753845647076618e-12
3.040000000000000000e+04 1.638886329603599906e+08 5.271085917778194562e+04 8.799123213357233908e-01 1.500000000000000000e+01 1.536211764705900096e-01 3.966481720635999658e-02 2.342630768470615229e-12
3.050000000000000000e+04 1.638887329603599906e+08 5.271086033518935437e+04 8.807095711435977137e-01 4.000000000000000000e+00 4.096564705881999835e-02 2.048282352940999917e-02 6.247015382587696182e-13
3.060000000000000000e+04 1.638888329603599906e+08 5.271086149259675585e+04 8.815068209469245630e-01 7.000000000000000000e+00 8.263837895006999335e-02 3.123437135020000130e-02 1.260185695961197204e-12
3.070000000000000000e+04 1.638889329603599906e+08 5.271086265000416461e+04 8.823040707547988859e-01 0.000000000000000000e+00 0.000000000000000000e+00 0.000000000000000000e+00 0.000000000000000000e+00
3.080000000000000000e+04 1.638890329603599906e+08 5.271086380741157336e+04 8.831013205626732088e-01 0.000000000000000000e+00 0.000000000000000000e+00 0.000000000000000000e+00 0.000000000000000000e+00
3.090000000000000000e+04 1.638891329603599906e+08 5.271086496481898212e+04 8.838985703705475316e-01 0.000000000000000000e+00 0.000000000000000000e+00 0.000000000000000000e+00 0.000000000000000000e+00
3.100000000000000000e+04 1.638892329603599906e+08 5.271086612222639087e+04 8.846958201784218545e-01 0.000000000000000000e+00 0.000000000000000000e+00 0.000000000000000000e+00 0.000000000000000000e+00
3.110000000000000000e+04 1.638893329603599906e+08 5.271086727963379963e+04 8.854930699862961774e-01 0.000000000000000000e+00 0.000000000000000000e+00 0.000000000000000000e+00 0.000000000000000000e+00
3.120000000000000000e+04 1.638894329603599906e+08 5.271086843704120110e+04 8.862903197896230267e-01 0.000000000000000000e+00 0.000000000000000000e+00 0.000000000000000000e+00 0.000000000000000000e+00
3.130000000000000000e+04 1.638895329603599906e+08 5.271086959444860986e+04 8.870875695974973496e-01 0.000000000000000000e+00 0.000000000000000000e+00 0.000000000000000000e+00 0.000000000000000000e+00
