# Columns: dt, t_raw, mjd, phase, counts, rate, rate_err, flux_t
# 
0.000000000000000000e+00 3.960102322794399858e+08 5.539745176249351789e+04 4.689150501608310151e-01 0.000000000000000000e+00 0.000000000000000000e+00 0.000000000000000000e+00 0.000000000000000000e+00
1.000000000000000000e+02 3.960103322794399858e+08 5.539745291990092664e+04 4.697122999691600853e-01 0.000000000000000000e+00 0.000000000000000000e+00 0.000000000000000000e+00 0.000000000000000000e+00
2.000000000000000000e+02 3.960104322794399858e+08 5.539745407730833540e+04 4.705095497770344082e-01 0.000000000000000000e+00 0.000000000000000000e+00 0.000000000000000000e+00 0.000000000000000000e+00
3.000000000000000000e+02 3.960105322794399858e+08 5.539745523471574415e+04 4.713067995849087310e-01 0.000000000000000000e+00 0.000000000000000000e+00 0.000000000000000000e+00 0.000000000000000000e+00
4.000000000000000000e+02 3.960106322794399858e+08 5.539745639212314563e+04 4.721040493882355804e-01 0.000000000000000000e+00 0.000000000000000000e+00 0.000000000000000000e+00 0.000000000000000000e+00
5.000000000000000000e+02 3.960107322794399858e+08 5.539745754953055439e+04 4.729012991961099033e-01 0.000000000000000000e+00 0.000000000000000000e+00 0.000000000000000000e+00 0.000000000000000000e+00
6.000000000000000000e+02 3.960108322794399858e+08 5.539745870693796314e+04 4.736985490039842261e-01 0.000000000000000000e+00 0.000000000000000000e+00 0.000000000000000000e+00 0.000000000000000000e+00
7.000000000000000000e+02 3.960109322794399858e+08 5.539745986434537190e+04 4.744957988118585490e-01 0.000000000000000000e+00 0.000000000000000000e+00 0.000000000000000000e+00 0.000000000000000000e+00
8.000000000000000000e+02 3.960110322794399858e+08 5.539746102175278065e+04 4.752930486201876192e-01 0.000000000000000000e+00 0.000000000000000000e+00 0.000000000000000000e+00 0.000000000000000000e+00
9.000000000000000000e+02 3.960111322794399858e+08 5.539746217916018213e+04 4.760902984230597212e-01 0.000000000000000000e+00 0.000000000000000000e+00 0.000000000000000000e+00 0.000000000000000000e+00
1.000000000000000000e+03 3.960112322794399858e+08 5.539746333656759089e+04 4.768875482309340441e-01 1.000000000000000000e+00 1.849579521841000079e-02 1.849579521841000079e-02 8.352386692115244204e-14
1.100000000000000000e+03 3.960113322794399858e+08 5.539746449397499964e+04 4.776847980388083670e-01 1.000000000000000000e+00 1.012825000000000010e-02 1.012825000000000010e-02 4.573745519750000511e-14
1.200000000000000000e+03 3.960114322794399858e+08 5.539746565138240840e+04 4.784820478471374372e-01 1.000000000000000000e+00 1.012825000000000010e-02 1.012825000000000010e-02 4.573745519750000511e-14
1.300000000000000000e+03 3.960115322794399858e+08 5.539746680878981715e+04 4.792792976550117601e-01 2.000000000000000000e+00 2.025650000000000020e-02 1.432350851310999935e-02 9.147491039500001021e-14
1.400000000000000000e+03 3.960116322794399858e+08 5.539746796619721863e+04 4.800765474578838621e-01 0.000000000000000000e+00 0.000000000000000000e+00 0.000000000000000000e+00 0.000000000000000000e+00
1.500000000000000000e+03 3.960117322794399858e+08 5.539746912360462738e+04 4.808737972657581849e-01 1.000000000000000000e+00 1.012825000000000010e-02 1.012825000000000010e-02 4.573745519750000511e-14
1.600000000000000000e+03 3.960118322794399858e+08 5.539747028101203614e+04 4.816710470740872552e-01 2.000000000000000000e+00 2.025650000000000020e-02 1.432350851310999935e-02 9.147491039500001021e-14
1.700000000000000000e+03 3.960119322794399858e+08 5.539747143841944489e+04 4.824682968819615780e-01 2.000000000000000000e+00 2.025650000000000020e-02 1.432350851310999935e-02 9.147491039500001021e-14
1.800000000000000000e+03 3.960120322794399858e+08 5.539747259582685365e+04 4.832655466898359009e-01 0.000000000000000000e+00 0.000000000000000000e+00 0.000000000000000000e+00 0.000000000000000000e+00
1.900000000000000000e+03 3.960121322794399858e+08 5.539747375323425513e+04 4.840627964927080029e-01 2.000000000000000000e+00 2.025650000000000020e-02 1.432350851310999935e-02 9.147491039500001021e-14
2.000000000000000000e+03 3.960122322794399858e+08 5.539747491064166388e+04 4.848600463010370731e-01 1.000000000000000000e+00 1.012825000000000010e-02 1.012825000000000010e-02 4.573745519750000511e-14
2.100000000000000000e+03 3.960123322794399858e+08 5.539747606804907264e+04 4.856572961089113960e-01 1.000000000000000000e+00 1.012825000000000010e-02 1.012825000000000010e-02 4.573745519750000511e-14
2.200000000000000000e+03 3.960124322794399858e+08 5.539747722545648139e+04 4.864545459167857189e-01 2.000000000000000000e+00 2.025650000000000020e-02 1.432350851310999935e-02 9.147491039500001021e-14
2.300000000000000000e+03 3.960125322794399858e+08 5.539747838286389015e+04 4.872517957246600417e-01 2.000000000000000000e+00 2.025650000000000020e-02 1.432350851310999935e-02 9.147491039500001021e-14
2.400000000000000000e+03 3.960126322794399858e+08 5.539747954027129890e+04 4.880490455329891120e-01 1.000000000000000000e+00 1.012825000000000010e-02 1.012825000000000010e-02 4.573745519750000511e-14
2.500000000000000000e+03 3.960127322794399858e+08 5.539748069767870038e+04 4.888462953358612140e-01 1.000000000000000000e+00 1.012825000000000010e-02 1.012825000000000010e-02 4.573745519750000511e-14
2.600000000000000000e+03 3.960128322794399858e+08 5.539748185508610914e+04 4.896435451437355368e-01 1.000000000000000000e+00 1.012825000000000010e-02 1.012825000000000010e-02 4.573745519750000511e-14
2.700000000000000000e+03 3.960129322794399858e+08 5.539748301249351789e+04 4.904407949516098597e-01 1.000000000000000000e+00 1.012825000000000010e-02 1.012825000000000010e-02 4.573745519750000511e-14
2.800000000000000000e+03 3.960130322794399858e+08 5.539748416990092664e+04 4.912380447599389299e-01 2.000000000000000000e+00 2.025650000000000020e-02 1.432350851310999935e-02 9.147491039500001021e-14
2.900000000000000000e+03 3.960131322794399858e+08 5.539748532730833540e+04 4.920352945678132528e-01 3.000000000000000000e+00 3.038474999999999857e-02 1.754264359175999877e-02 1.372123655924999964e-13
3.000000000000000000e+03 3.960132322794399858e+08 5.539748648471574415e+04 4.928325443756875757e-01 0.000000000000000000e+00 0.000000000000000000e+00 0.000000000000000000e+00 0.000000000000000000e+00
3.100000000000000000e+03 3.960133322794399858e+08 5.539748764212314563e+04 4.936297941790144250e-01 0.000000000000000000e+00 0.000000000000000000e+00 0.000000000000000000e+00 0.000000000000000000e+00
3.200000000000000000e+03 3.960134322794399858e+08 5.539748879953055439e+04 4.944270439868887479e-01 1.000000000000000000e+00 1.012825000000000010e-02 1.012825000000000010e-02 4.573745519750000511e-14
3.300000000000000000e+03 3.960135322794399858e+08 5.539748995693796314e+04 4.952242937947630708e-01 0.000000000000000000e+00 0.000000000000000000e+00 0.000000000000000000e+00 0.000000000000000000e+00
3.400000000000000000e+03 3.960136322794399858e+08 5.539749111434537190e+04 4.960215436026373936e-01 1.000000000000000000e+00 1.012825000000000010e-02 1.012825000000000010e-02 4.573745519750000511e-14
3.500000000000000000e+03 3.960137322794399858e+08 5.539749227175278065e+04 4.968187934109664639e-01 1.000000000000000000e+00 1.012825000000000010e-02 1.012825000000000010e-02 4.573745519750000511e-14
3.600000000000000000e+03 3.960138322794399858e+08 5.539749342916018213e+04 4.976160432138385659e-01 3.000000000000000000e+00 3.038474999999999857e-02 1.754264359175999877e-02 1.372123655924999964e-13
3.700000000000000000e+03 3.960139322794399858e+08 5.539749458656759089e+04 4.984132930217128887e-01 3.000000000000000000e+00 3.038474999999999857e-02 1.754264359175999877e-02 1.372123655924999964e-13
3.800000000000000000e+03 3.960140322794399858e+08 5.539749574397499964e+04 4.992105428295872116e-01 5.000000000000000000e+00 5.064124999999999877e-02 2.264745549311000111e-02 2.286872759875000192e-13
3.900000000000000000e+03 3.960141322794399858e+08 5.539749690138240840e+04 5.000077926379162818e-01 1.000000000000000000e+00 1.012825000000000010e-02 1.012825000000000010e-02 4.573745519750000511e-14
4.000000000000000000e+03 3.960142322794399858e+08 5.539749805878981715e+04 5.008050424457906047e-01 1.000000000000000000e+00 1.012825000000000010e-02 1.012825000000000010e-02 4.573745519750000511e-14
4.100000000000000000e+03 3.960143322794399858e+08 5.539749921619721863e+04 5.016022922486627067e-01 0.000000000000000000e+00 0.000000000000000000e+00 0.000000000000000000e+00 0.000000000000000000e+00
4.200000000000000000e+03 3.960144322794399858e+08 5.539750037360462738e+04 5.023995420565370296e-01 3.000000000000000000e+00 3.038474999999999857e-02 1.754264359175999877e-02 1.372123655924999964e-13
4.300000000000000000e+03 3.960145322794399858e+08 5.539750153101203614e+04 5.031967918648660998e-01 1.000000000000000000e+00 1.012825000000000010e-02 1.012825000000000010e-02 4.573745519750000511e-14
4.400000000000000000e+03 3.960146322794399858e+08 5.539750268841944489e+04 5.039940416727404227e-01 0.000000000000000000e+00 0.000000000000000000e+00 0.000000000000000000e+00 0.000000000000000000e+00
4.500000000000000000e+03 3.960147322794399858e+08 5.539750384582685365e+04 5.047912914806147455e-01 1.000000000000000000e+00 1.012825000000000010e-02 1.012825000000000010e-02 4.573745519750000511e-14
4.600000000000000000e+03 3.960148322794399858e+08 5.539750500323425513e+04 5.055885412834868475e-01 0.000000000000000000e+00 0.000000000000000000e+00 0.000000000000000000e+00 0.000000000000000000e+00
4.700000000000000000e+03 3.960149322794399858e+08 5.539750616064166388e+04 5.063857910918159178e-01 3.000000000000000000e+00 3.038474999999999857e-02 1.754264359175999877e-02 1.372123655924999964e-13
4.800000000000000000e+03 3.960150322794399858e+08 5.539750731804907264e+04 5.071830408996902406e-01 2.000000000000000000e+00 2.025650000000000020e-02 1.432350851310999935e-02 9.147491039500001021e-14
4.900000000000000000e+03 3.960151322794399858e+08 5.539750847545648139e+04 5.079802907075645635e-01 2.000000000000000000e+00 2.025650000000000020e-02 1.432350851310999935e-02 9.147491039500001021e-14
5.000000000000000000e+03 3.960152322794399858e+08 5.539750963286389015e+04 5.087775405154388864e-01 1.000000000000000000e+00 1.012825000000000010e-02 1.012825000000000010e-02 4.573745519750000511e-14
5.100000000000000000e+03 3.960153322794399858e+08 5.539751079027129890e+04 5.095747903237679566e-01 3.000000000000000000e+00 3.038474999999999857e-02 1.754264359175999877e-02 1.372123655924999964e-13
5.200000000000000000e+03 3.960154322794399858e+08 5.539751194767870038e+04 5.103720401266400586e-01 1.000000000000000000e+00 1.012825000000000010e-02 1.012825000000000010e-02 4.573745519750000511e-14
5.300000000000000000e+03 3.960155322794399858e+08 5.539751310508610914e+04 5.111692899345143815e-01 0.000000000000000000e+00 0.000000000000000000e+00 0.000000000000000000e+00 0.000000000000000000e+00
5.400000000000000000e+03 3.960156322794399858e+08 5.539751426249351789e+04 5.119665397423887043e-01 1.000000000000000000e+00 1.012825000000000010e-02 1.012825000000000010e-02 4.573745519750000511e-14
5.500000000000000000e+03 3.960157322794399858e+08 5.539751541990092664e+04 5.127637895507177745e-01 1.000000000000000000e+00 1.012825000000000010e-02 1.012825000000000010e-02 4.573745519750000511e-14
5.600000000000000000e+03 3.960158322794399858e+08 5.539751657730833540e+04 5.135610393585920974e-01 4.000000000000000000e+00 4.051300000000000040e-02 2.025650000000000020e-02 1.829498207900000204e-13
5.700000000000000000e+03 3.960159322794399858e+08 5.539751773471574415e+04 5.143582891664664203e-01 3.000000000000000000e+00 3.038474999999999857e-02 1.754264359175999877e-02 1.372123655924999964e-13
5.800000000000000000e+03 3.960160322794399858e+08 5.539751889212314563e+04 5.151555389693385223e-01 2.000000000000000000e+00 2.025650000000000020e-02 1.432350851310999935e-02 9.147491039500001021e-14
5.900000000000000000e+03 3.960161322794399858e+08 5.539752004953055439e+04 5.159527887776675925e-01 0.000000000000000000e+00 0.000000000000000000e+00 0.000000000000000000e+00 0.000000000000000000e+00
6.000000000000000000e+03 3.960162322794399858e+08 5.539752120693796314e+04 5.167500385855419154e-01 1.000000000000000000e+00 1.012825000000000010e-02 1.012825000000000010e-02 4.573745519750000511e-14
6.100000000000000000e+03 3.960163322794399858e+08 5.539752236434537190e+04 5.175472883934162383e-01 1.000000000000000000e+00 1.012825000000000010e-02 1.012825000000000010e-02 4.573745519750000511e-14
6.200000000000000000e+03 3.960164322794399858e+08 5.539752352175278065e+04 5.183445382017453085e-01 0.000000000000000000e+00 0.000000000000000000e+00 0.000000000000000000e+00 0.000000000000000000e+00
6.300000000000000000e+03 3.960165322794399858e+08 5.539752467916018213e+04 5.191417880046174105e-01 3.000000000000000000e+00 3.038474999999999857e-02 1.754264359175999877e-02 1.372123655924999964e-13
6.400000000000000000e+03 3.960166322794399858e+08 5.539752583656759089e+04 5.199390378124917333e-01 1.000000000000000000e+00 1.012825000000000010e-02 1.012825000000000010e-02 4.573745519750000511e-14
6.500000000000000000e+03 3.960167322794399858e+08 5.539752699397499964e+04 5.207362876203660562e-01 0.000000000000000000e+00 0.000000000000000000e+00 0.000000000000000000e+00 0.000000000000000000e+00
6.600000000000000000e+03 3.960168322794399858e+08 5.539752815138240840e+04 5.215335374286951264e-01 1.000000000000000000e+00 1.012825000000000010e-02 1.012825000000000010e-02 4.573745519750000511e-14
6.700000000000000000e+03 3.960169322794399858e+08 5.539752930878981715e+04 5.223307872365694493e-01 0.000000000000000000e+00 0.000000000000000000e+00 0.000000000000000000e+00 0.000000000000000000e+00
6.800000000000000000e+03 3.960170322794399858e+08 5.539753046619721863e+04 5.231280370394415513e-01 1.000000000000000000e+00 1.012825000000000010e-02 1.012825000000000010e-02 4.573745519750000511e-14
6.900000000000000000e+03 3.960171322794399858e+08 5.539753162360462738e+04 5.239252868473158742e-01 2.000000000000000000e+00 2.025650000000000020e-02 1.432350851310999935e-02 9.147491039500001021e-14
7.000000000000000000e+03 3.960172322794399858e+08 5.539753278101203614e+04 5.247225366556449444e-01 3.000000000000000000e+00 3.038474999999999857e-02 1.754264359175999877e-02 1.372123655924999964e-13
7.100000000000000000e+03 3.960173322794399858e+08 5.539753393841944489e+04 5.255197864635192673e-01 1.000000000000000000e+00 1.012825000000000010e-02 1.012825000000000010e-02 4.573745519750000511e-14
7.200000000000000000e+03 3.960174322794399858e+08 5.539753509582685365e+04 5.263170362713935901e-01 0.000000000000000000e+00 0.000000000000000000e+00 0.000000000000000000e+00 0.000000000000000000e+00
7.300000000000000000e+03 3.960175322794399858e+08 5.539753625323425513e+04 5.271142860742656922e-01 1.000000000000000000e+00 1.012825000000000010e-02 1.012825000000000010e-02 4.573745519750000511e-14
7.400000000000000000e+03 3.960176322794399858e+08 5.539753741064166388e+04 5.279115358825947624e-01 0.000000000000000000e+00 0.000000000000000000e+00 0.000000000000000000e+00 0.000000000000000000e+00
7.500000000000000000e+03 3.960177322794399858e+08 5.539753856804907264e+04 5.287087856904690852e-01 3.000000000000000000e+00 3.038474999999999857e-02 1.754264359175999877e-02 1.372123655924999964e-13
7.600000000000000000e+03 3.960178322794399858e+08 5.539753972545648139e+04 5.295060354983434081e-01 2.000000000000000000e+00 2.025650000000000020e-02 1.432350851310999935e-02 9.147491039500001021e-14
7.700000000000000000e+03 3.960179322794399858e+08 5.539754088286389015e+04 5.303032853062177310e-01 2.000000000000000000e+00 2.025650000000000020e-02 1.432350851310999935e-02 9.147491039500001021e-14
7.800000000000000000e+03 3.960180322794399858e+08 5.539754204027129890e+04 5.311005351145468012e-01 0.000000000000000000e+00 0.000000000000000000e+00 0.000000000000000000e+00 0.000000000000000000e+00
7.900000000000000000e+03 3.960181322794399858e+08 5.539754319767870038e+04 5.318977849174189032e-01 0.000000000000000000e+00 0.000000000000000000e+00 0.000000000000000000e+00 0.000000000000000000e+00
8.000000000000000000e+03 3.960182322794399858e+08 5.539754435508610914e+04 5.326950347252932261e-01 1.000000000000000000e+00 1.012825000000000010e-02 1.012825000000000010e-02 4.573745519750000511e-14
8.100000000000000000e+03 3.960183322794399858e+08 5.539754551249351789e+04 5.334922845331675489e-01 1.000000000000000000e+00 1.012825000000000010e-02 1.012825000000000010e-02 4.573745519750000511e-14
8.200000000000000000e+03 3.960184322794399858e+08 5.539754666990092664e+04 5.342895343414966192e-01 2.000000000000000000e+00 2.025650000000000020e-02 1.432350851310999935e-02 9.147491039500001021e-14
8.300000000000000000e+03 3.960185322794399858e+08 5.539754782730833540e+04 5.350867841493709420e-01 1.000000000000000000e+00 1.012825000000000010e-02 1.012825000000000010e-02 4.573745519750000511e-14
8.400000000000000000e+03 3.960186322794399858e+08 5.539754898471574415e+04 5.358840339572452649e-01 0.000000000000000000e+00 0.000000000000000000e+00 0.000000000000000000e+00 0.000000000000000000e+00
8.500000000000000000e+03 3.960187322794399858e+08 5.539755014212314563e+04 5.366812837601173669e-01 0.000000000000000000e+00 0.000000000000000000e+00 0.000000000000000000e+00 0.000000000000000000e+00
8.600000000000000000e+03 3.960188322794399858e+08 5.539755129953055439e+04 5.374785335684464371e-01 1.000000000000000000e+00 1.012825000000000010e-02 1.012825000000000010e-02 4.573745519750000511e-14
8.700000000000000000e+03 3.960189322794399858e+08 5.539755245693796314e+04 5.382757833763207600e-01 1.000000000000000000e+00 1.012825000000000010e-02 1.012825000000000010e-02 4.573745519750000511e-14
8.800000000000000000e+03 3.960190322794399858e+08 5.539755361434537190e+04 5.390730331841950829e-01 0.000000000000000000e+00 0.000000000000000000e+00 0.000000000000000000e+00 0.000000000000000000e+00
8.900000000000000000e+03 3.960191322794399858e+08 5.539755477175278065e+04 5.398702829925241531e-01 0.000000000000000000e+00 0.000000000000000000e+00 0.000000000000000000e+00 0.000000000000000000e+00
9.000000000000000000e+03 3.960192322794399858e+08 5.539755592916018213e+04 5.406675327953962551e-01 2.000000000000000000e+00 2.025650000000000020e-02 1.432350851310999935e-02 9.147491039500001021e-14
9.100000000000000000e+03 3.960193322794399858e+08 5.539755708656759089e+04 5.414647826032705780e-01 0.000000000000000000e+00 0.000000000000000000e+00 0.000000000000000000e+00 0.000000000000000000e+00
9.200000000000000000e+03 3.960194322794399858e+08 5.539755824397499964e+04 5.422620324111449008e-01 2.000000000000000000e+00 2.025650000000000020e-02 1.432350851310999935e-02 9.147491039500001021e-14
9.300000000000000000e+03 3.960195322794399858e+08 5.539755940138240840e+04 5.430592822194739711e-01 2.000000000000000000e+00 2.025650000000000020e-02 1.432350851310999935e-02 9.147491039500001021e-14
9.400000000000000000e+03 3.960196322794399858e+08 5.539756055878981715e+04 5.438565320273482939e-01 2.000000000000000000e+00 2.025650000000000020e-02 1.432350851310999935e-02 9.147491039500001021e-14
9.500000000000000000e+03 3.960197322794399858e+08 5.539756171619721863e+04 5.446537818302203959e-01 2.000000000000000000e+00 2.025650000000000020e-02 1.432350851310999935e-02 9.147491039500001021e-14
9.600000000000000000e+03 3.960198322794399858e+08 5.539756287360462738e+04 5.454510316380947188e-01 2.000000000000000000e+00 2.025650000000000020e-02 1.432350851310999935e-02 9.147491039500001021e-14
9.700000000000000000e+03 3.960199322794399858e+08 5.539756403101203614e+04 5.462482814464237890e-01 2.000000000000000000e+00 2.025650000000000020e-02 1.432350851310999935e-02 9.147491039500001021e-14
9.800000000000000000e+03 3.960200322794399858e+08 5.539756518841944489e+04 5.470455312542981119e-01 0.000000000000000000e+00 0.000000000000000000e+00 0.000000000000000000e+00 0.000000000000000000e+00
9.900000000000000000e+03 3.960201322794399858e+08 5.539756634582685365e+04 5.478427810621724348e-01 0.000000000000000000e+00 0.000000000000000000e+00 0.000000000000000000e+00 0.000000000000000000e+00
1.000000000000000000e+04 3.960202322794399858e+08 5.539756750323425513e+04 5.486400308650445368e-01 2.000000000000000000e+00 2.025650000000000020e-02 1.432350851310999935e-02 9.147491039500001021e-14
1.010000000000000000e+04 3.960203322794399858e+08 5.539756866064166388e+04 5.494372806733736070e-01 1.000000000000000000e+00 1.012825000000000010e-02 1.012825000000000010e-02 4.573745519750000511e-14
1.020000000000000000e+04 3.960204322794399858e+08 5.539756981804907264e+04 5.502345304812479299e-01 3.000000000000000000e+00 3.038474999999999857e-02 1.754264359175999877e-02 1.372123655924999964e-13
1.030000000000000000e+04 3.960205322794399858e+08 5.539757097545648139e+04 5.510317802891222527e-01 2.000000000000000000e+00 2.025650000000000020e-02 1.432350851310999935e-02 9.147491039500001021e-14
1.040000000000000000e+04 3.960206322794399858e+08 5.539757213286389015e+04 5.518290300969965756e-01 2.000000000000000000e+00 2.025650000000000020e-02 1.432350851310999935e-02 9.147491039500001021e-14
1.050000000000000000e+04 3.960207322794399858e+08 5.539757329027129890e+04 5.526262799053256458e-01 2.000000000000000000e+00 2.025650000000000020e-02 1.432350851310999935e-02 9.147491039500001021e-14
1.060000000000000000e+04 3.960208322794399858e+08 5.539757444767870038e+04 5.534235297081977478e-01 1.000000000000000000e+00 1.012825000000000010e-02 1.012825000000000010e-02 4.573745519750000511e-14
1.070000000000000000e+04 3.960209322794399858e+08 5.539757560508610914e+04 5.542207795160720707e-01 1.000000000000000000e+00 1.012825000000000010e-02 1.012825000000000010e-02 4.573745519750000511e-14
1.080000000000000000e+04 3.960210322794399858e+08 5.539757676249351789e+04 5.550180293239463936e-01 1.000000000000000000e+00 1.012825000000000010e-02 1.012825000000000010e-02 4.573745519750000511e-14
1.090000000000000000e+04 3.960211322794399858e+08 5.539757791990092664e+04 5.558152791322754638e-01 3.000000000000000000e+00 3.038474999999999857e-02 1.754264359175999877e-02 1.372123655924999964e-13
1.100000000000000000e+04 3.960212322794399858e+08 5.539757907730833540e+04 5.566125289401497866e-01 1.000000000000000000e+00 1.012825000000000010e-02 1.012825000000000010e-02 4.573745519750000511e-14
1.110000000000000000e+04 3.960213322794399858e+08 5.539758023471574415e+04 5.574097787480241095e-01 4.000000000000000000e+00 4.051300000000000040e-02 2.025650000000000020e-02 1.829498207900000204e-13
1.120000000000000000e+04 3.960214322794399858e+08 5.539758139212314563e+04 5.582070285508962115e-01 1.000000000000000000e+00 1.012825000000000010e-02 1.012825000000000010e-02 4.573745519750000511e-14
1.130000000000000000e+04 3.960215322794399858e+08 5.539758254953055439e+04 5.590042783592252817e-01 3.000000000000000000e+00 3.038474999999999857e-02 1.754264359175999877e-02 1.372123655924999964e-13
1.140000000000000000e+04 3.960216322794399858e+08 5.539758370693796314e+04 5.598015281670996046e-01 0.000000000000000000e+00 0.000000000000000000e+00 0.000000000000000000e+00 0.000000000000000000e+00
1.150000000000000000e+04 3.960217322794399858e+08 5.539758486434537190e+04 5.605987779749739275e-01 4.000000000000000000e+00 4.051300000000000040e-02 2.025650000000000020e-02 1.829498207900000204e-13
1.160000000000000000e+04 3.960218322794399858e+08 5.539758602175278065e+04 5.613960277828482504e-01 3.000000000000000000e+00 3.038474999999999857e-02 1.754264359175999877e-02 1.372123655924999964e-13
1.170000000000000000e+04 3.960219322794399858e+08 5.539758717916018213e+04 5.621932775861750997e-01 1.000000000000000000e+00 1.012825000000000010e-02 1.012825000000000010e-02 4.573745519750000511e-14
1.180000000000000000e+04 3.960220322794399858e+08 5.539758833656759089e+04 5.629905273940494226e-01 1.000000000000000000e+00 1.012825000000000010e-02 1.012825000000000010e-02 4.573745519750000511e-14
1.190000000000000000e+04 3.960221322794399858e+08 5.539758949397499964e+04 5.637877772019237455e-01 0.000000000000000000e+00 0.000000000000000000e+00 0.000000000000000000e+00 0.000000000000000000e+00
1.200000000000000000e+04 3.960222322794399858e+08 5.539759065138240840e+04 5.645850270102528157e-01 0.000000000000000000e+00 0.000000000000000000e+00 0.000000000000000000e+00 0.000000000000000000e+00
1.210000000000000000e+04 3.960223322794399858e+08 5.539759180878981715e+04 5.653822768181271385e-01 1.000000000000000000e+00 1.012825000000000010e-02 1.012825000000000010e-02 4.573745519750000511e-14
1.220000000000000000e+04 3.960224322794399858e+08 5.539759296619721863e+04 5.661795266209992405e-01 3.000000000000000000e+00 3.038474999999999857e-02 1.754264359175999877e-02 1.372123655924999964e-13
1.230000000000000000e+04 3.960225322794399858e+08 5.539759412360462738e+04 5.669767764288735634e-01 2.000000000000000000e+00 2.025650000000000020e-02 1.432350851310999935e-02 9.147491039500001021e-14
1.240000000000000000e+04 3.960226322794399858e+08 5.539759528101203614e+04 5.677740262372026336e-01 2.000000000000000000e+00 2.025650000000000020e-02 1.432350851310999935e-02 9.147491039500001021e-14
1.250000000000000000e+04 3.960227322794399858e+08 5.539759643841944489e+04 5.685712760450769565e-01 1.000000000000000000e+00 1.012825000000000010e-02 1.012825000000000010e-02 4.573745519750000511e-14
1.260000000000000000e+04 3.960228322794399858e+08 5.539759759582685365e+04 5.693685258529512794e-01 0.000000000000000000e+00 0.000000000000000000e+00 0.000000000000000000e+00 0.000000000000000000e+00
1.270000000000000000e+04 3.960229322794399858e+08 5.539759875323425513e+04 5.701657756558233814e-01 3.000000000000000000e+00 3.038474999999999857e-02 1.754264359175999877e-02 1.372123655924999964e-13
1.280000000000000000e+04 3.960230322794399858e+08 5.539759991064166388e+04 5.709630254641524516e-01 0.000000000000000000e+00 0.000000000000000000e+00 0.000000000000000000e+00 0.000000000000000000e+00
1.290000000000000000e+04 3.960231322794399858e+08 5.539760106804907264e+04 5.717602752720267745e-01 2.000000000000000000e+00 2.025650000000000020e-02 1.432350851310999935e-02 9.147491039500001021e-14
1.300000000000000000e+04 3.960232322794399858e+08 5.539760222545648139e+04 5.725575250799010973e-01 1.000000000000000000e+00 1.012825000000000010e-02 1.012825000000000010e-02 4.573745519750000511e-14
1.310000000000000000e+04 3.960233322794399858e+08 5.539760338286389015e+04 5.733547748877754202e-01 0.000000000000000000e+00 0.000000000000000000e+00 0.000000000000000000e+00 0.000000000000000000e+00
1.320000000000000000e+04 3.960234322794399858e+08 5.539760454027129890e+04 5.741520246961044904e-01 2.000000000000000000e+00 2.025650000000000020e-02 1.432350851310999935e-02 9.147491039500001021e-14
1.330000000000000000e+04 3.960235322794399858e+08 5.539760569767870038e+04 5.749492744989765924e-01 3.000000000000000000e+00 3.038474999999999857e-02 1.754264359175999877e-02 1.372123655924999964e-13
1.340000000000000000e+04 3.960236322794399858e+08 5.539760685508610914e+04 5.757465243068509153e-01 1.000000000000000000e+00 1.012825000000000010e-02 1.012825000000000010e-02 4.573745519750000511e-14
1.350000000000000000e+04 3.960237322794399858e+08 5.539760801249351789e+04 5.765437741147252382e-01 1.000000000000000000e+00 1.012825000000000010e-02 1.012825000000000010e-02 4.573745519750000511e-14
1.360000000000000000e+04 3.960238322794399858e+08 5.539760916990092664e+04 5.773410239230543084e-01 2.000000000000000000e+00 2.025650000000000020e-02 1.432350851310999935e-02 9.147491039500001021e-14
1.370000000000000000e+04 3.960239322794399858e+08 5.539761032730833540e+04 5.781382737309286313e-01 2.000000000000000000e+00 2.025650000000000020e-02 1.432350851310999935e-02 9.147491039500001021e-14
1.380000000000000000e+04 3.960240322794399858e+08 5.539761148471574415e+04 5.789355235388029541e-01 1.000000000000000000e+00 1.012825000000000010e-02 1.012825000000000010e-02 4.573745519750000511e-14
1.390000000000000000e+04 3.960241322794399858e+08 5.539761264212314563e+04 5.797327733416750561e-01 2.000000000000000000e+00 2.025650000000000020e-02 1.432350851310999935e-02 9.147491039500001021e-14
1.400000000000000000e+04 3.960242322794399858e+08 5.539761379953055439e+04 5.805300231500041264e-01 0.000000000000000000e+00 0.000000000000000000e+00 0.000000000000000000e+00 0.000000000000000000e+00
1.410000000000000000e+04 3.960243322794399858e+08 5.539761495693796314e+04 5.813272729578784492e-01 2.000000000000000000e+00 2.025650000000000020e-02 1.432350851310999935e-02 9.147491039500001021e-14
1.420000000000000000e+04 3.960244322794399858e+08 5.539761611434537190e+04 5.821245227657527721e-01 3.000000000000000000e+00 3.038474999999999857e-02 1.754264359175999877e-02 1.372123655924999964e-13
1.430000000000000000e+04 3.960245322794399858e+08 5.539761727175278065e+04 5.829217725736270950e-01 3.000000000000000000e+00 3.038474999999999857e-02 1.754264359175999877e-02 1.372123655924999964e-13
1.440000000000000000e+04 3.960246322794399858e+08 5.539761842916018213e+04 5.837190223769539443e-01 1.000000000000000000e+00 1.012825000000000010e-02 1.012825000000000010e-02 4.573745519750000511e-14
1.450000000000000000e+04 3.960247322794399858e+08 5.539761958656759089e+04 5.845162721848282672e-01 0.000000000000000000e+00 0.000000000000000000e+00 0.000000000000000000e+00 0.000000000000000000e+00
1.460000000000000000e+04 3.960248322794399858e+08 5.539762074397499964e+04 5.853135219927025901e-01 2.000000000000000000e+00 2.025650000000000020e-02 1.432350851310999935e-02 9.147491039500001021e-14
1.470000000000000000e+04 3.960249322794399858e+08 5.539762190138240840e+04 5.861107718010316603e-01 1.000000000000000000e+00 1.012825000000000010e-02 1.012825000000000010e-02 4.573745519750000511e-14
1.480000000000000000e+04 3.960250322794399858e+08 5.539762305878981715e+04 5.869080216089059832e-01 1.000000000000000000e+00 1.012825000000000010e-02 1.012825000000000010e-02 4.573745519750000511e-14
1.490000000000000000e+04 3.960251322794399858e+08 5.539762421619721863e+04 5.877052714117780852e-01 2.000000000000000000e+00 2.025650000000000020e-02 1.432350851310999935e-02 9.147491039500001021e-14
1.500000000000000000e+04 3.960252322794399858e+08 5.539762537360462738e+04 5.885025212196524080e-01 2.000000000000000000e+00 2.025650000000000020e-02 1.432350851310999935e-02 9.147491039500001021e-14
1.510000000000000000e+04 3.960253322794399858e+08 5.539762653101203614e+04 5.892997710279814783e-01 1.000000000000000000e+00 1.012825000000000010e-02 1.012825000000000010e-02 4.573745519750000511e-14
1.520000000000000000e+04 3.960254322794399858e+08 5.539762768841944489e+04 5.900970208358558011e-01 1.000000000000000000e+00 1.012825000000000010e-02 1.012825000000000010e-02 4.573745519750000511e-14
1.530000000000000000e+04 3.960255322794399858e+08 5.539762884582685365e+04 5.908942706437301240e-01 2.000000000000000000e+00 2.025650000000000020e-02 1.432350851310999935e-02 9.147491039500001021e-14
1.540000000000000000e+04 3.960256322794399858e+08 5.539763000323425513e+04 5.916915204466022260e-01 0.000000000000000000e+00 0.000000000000000000e+00 0.000000000000000000e+00 0.000000000000000000e+00
1.550000000000000000e+04 3.960257322794399858e+08 5.539763116064166388e+04 5.924887702549312962e-01 0.000000000000000000e+00 0.000000000000000000e+00 0.000000000000000000e+00 0.000000000000000000e+00
1.560000000000000000e+04 3.960258322794399858e+08 5.539763231804907264e+04 5.932860200628056191e-01 3.000000000000000000e+00 3.038474999999999857e-02 1.754264359175999877e-02 1.372123655924999964e-13
1.570000000000000000e+04 3.960259322794399858e+08 5.539763347545648139e+04 5.940832698706799420e-01 0.000000000000000000e+00 0.000000000000000000e+00 0.000000000000000000e+00 0.000000000000000000e+00
1.580000000000000000e+04 3.960260322794399858e+08 5.539763463286389015e+04 5.948805196785542648e-01 1.000000000000000000e+00 1.012825000000000010e-02 1.012825000000000010e-02 4.573745519750000511e-14
1.590000000000000000e+04 3.960261322794399858e+08 5.539763579027129890e+04 5.956777694868833350e-01 1.000000000000000000e+00 1.012825000000000010e-02 1.012825000000000010e-02 4.573745519750000511e-14
1.600000000000000000e+04 3.960262322794399858e+08 5.539763694767870038e+04 5.964750192897554371e-01 2.000000000000000000e+00 2.100032712992999998e-02 1.484947372071000055e-02 9.483390726315180074e-14
1.610000000000000000e+04 3.960263322794399858e+08 5.539763810508610914e+04 5.972722690976297599e-01 0.000000000000000000e+00 0.000000000000000000e+00 0.000000000000000000e+00 0.000000000000000000e+00
1.620000000000000000e+04 3.960264322794399858e+08 5.539763926249351789e+04 5.980695189055040828e-01 0.000000000000000000e+00 0.000000000000000000e+00 0.000000000000000000e+00 0.000000000000000000e+00
1.630000000000000000e+04 3.960265322794399858e+08 5.539764041990092664e+04 5.988667687138331530e-01 0.000000000000000000e+00 0.000000000000000000e+00 0.000000000000000000e+00 0.000000000000000000e+00
1.640000000000000000e+04 3.960266322794399858e+08 5.539764157730833540e+04 5.996640185217074759e-01 0.000000000000000000e+00 0.000000000000000000e+00 0.000000000000000000e+00 0.000000000000000000e+00
1.650000000000000000e+04 3.960267322794399858e+08 5.539764273471574415e+04 6.004612683295817988e-01 0.000000000000000000e+00 0.000000000000000000e+00 0.000000000000000000e+00 0.000000000000000000e+00
1.660000000000000000e+04 3.960268322794399858e+08 5.539764389212314563e+04 6.012585181324539008e-01 0.000000000000000000e+00 0.000000000000000000e+00 0.000000000000000000e+00 0.000000000000000000e+00
1.670000000000000000e+04 3.960269322794399858e+08 5.539764504953055439e+04 6.020557679407829710e-01 0.000000000000000000e+00 0.000000000000000000e+00 0.000000000000000000e+00 0.000000000000000000e+00
