# Columns: dt, t_raw, mjd, phase, counts, rate, rate_err, flux_t
# 
0.000000000000000000e+00 3.867757777214800119e+08 5.529057150140601880e+04 8.472439032698275696e-01 0.000000000000000000e+00 0.000000000000000000e+00 0.000000000000000000e+00 0.000000000000000000e+00
1.000000000000000000e+02 3.867758777214800119e+08 5.529057265881342755e+04 8.480411530781566398e-01 0.000000000000000000e+00 0.000000000000000000e+00 0.000000000000000000e+00 0.000000000000000000e+00
2.000000000000000000e+02 3.867759777214800119e+08 5.529057381622083631e+04 8.488384028860309627e-01 0.000000000000000000e+00 0.000000000000000000e+00 0.000000000000000000e+00 0.000000000000000000e+00
3.000000000000000000e+02 3.867760777214800119e+08 5.529057497362823779e+04 8.496356526889030647e-01 0.000000000000000000e+00 0.000000000000000000e+00 0.000000000000000000e+00 0.000000000000000000e+00
4.000000000000000000e+02 3.867761777214800119e+08 5.529057613103564654e+04 8.504329024967773876e-01 0.000000000000000000e+00 0.000000000000000000e+00 0.000000000000000000e+00 0.000000000000000000e+00
5.000000000000000000e+02 3.867762777214800119e+08 5.529057728844305529e+04 8.512301523051064578e-01 0.000000000000000000e+00 0.000000000000000000e+00 0.000000000000000000e+00 0.000000000000000000e+00
6.000000000000000000e+02 3.867763777214800119e+08 5.529057844585046405e+04 8.520274021129807807e-01 0.000000000000000000e+00 0.000000000000000000e+00 0.000000000000000000e+00 0.000000000000000000e+00
7.000000000000000000e+02 3.867764777214800119e+08 5.529057960325787280e+04 8.528246519208551035e-01 0.000000000000000000e+00 0.000000000000000000e+00 0.000000000000000000e+00 0.000000000000000000e+00
8.000000000000000000e+02 3.867765777214800119e+08 5.529058076066528156e+04 8.536219017287294264e-01 0.000000000000000000e+00 0.000000000000000000e+00 0.000000000000000000e+00 0.000000000000000000e+00
9.000000000000000000e+02 3.867766777214800119e+08 5.529058191807268304e+04 8.544191515320562758e-01 0.000000000000000000e+00 0.000000000000000000e+00 0.000000000000000000e+00 0.000000000000000000e+00
1.000000000000000000e+03 3.867767777214800119e+08 5.529058307548009179e+04 8.552164013399305986e-01 0.000000000000000000e+00 0.000000000000000000e+00 0.000000000000000000e+00 0.000000000000000000e+00
1.100000000000000000e+03 3.867768777214800119e+08 5.529058423288750055e+04 8.560136511478049215e-01 0.000000000000000000e+00 0.000000000000000000e+00 0.000000000000000000e+00 0.000000000000000000e+00
1.200000000000000000e+03 3.867769777214800119e+08 5.529058539029490930e+04 8.568109009556792444e-01 0.000000000000000000e+00 0.000000000000000000e+00 0.000000000000000000e+00 0.000000000000000000e+00
1.300000000000000000e+03 3.867770777214800119e+08 5.529058654770231806e+04 8.576081507640083146e-01 6.000000000000000000e+00 6.315789953132999734e-02 2.578410451295000058e-02 2.777040210812673599e-13
1.400000000000000000e+03 3.867771777214800119e+08 5.529058770510971954e+04 8.584054005668804166e-01 9.000000000000000000e+00 9.115425000000000610e-02 3.038474999999999857e-02 4.008034141649999871e-13
1.500000000000000000e+03 3.867772777214800119e+08 5.529058886251712829e+04 8.592026503747547395e-01 1.000000000000000000e+01 1.012824999999999975e-01 3.202833871159999762e-02 4.453371268499999464e-13
1.600000000000000000e+03 3.867773777214800119e+08 5.529059001992453705e+04 8.599999001830838097e-01 9.000000000000000000e+00 9.115425000000000610e-02 3.038474999999999857e-02 4.008034141649999871e-13
1.700000000000000000e+03 3.867774777214800119e+08 5.529059117733194580e+04 8.607971499909581325e-01 1.300000000000000000e+01 1.316672500000000134e-01 3.651792470571999655e-02 5.789382649050000263e-13
1.800000000000000000e+03 3.867775777214800119e+08 5.529059233473935456e+04 8.615943997988324554e-01 9.000000000000000000e+00 9.115425000000000610e-02 3.038474999999999857e-02 4.008034141649999871e-13
1.900000000000000000e+03 3.867776777214800119e+08 5.529059349214675603e+04 8.623916496017045574e-01 9.000000000000000000e+00 9.115425000000000610e-02 3.038474999999999857e-02 4.008034141649999871e-13
2.000000000000000000e+03 3.867777777214800119e+08 5.529059464955416479e+04 8.631888994100336276e-01 8.000000000000000000e+00 8.102600000000000080e-02 2.864701702620999976e-02 3.562697014799999773e-13
2.100000000000000000e+03 3.867778777214800119e+08 5.529059580696157354e+04 8.639861492179079505e-01 9.000000000000000000e+00 9.115425000000000610e-02 3.038474999999999857e-02 4.008034141649999871e-13
2.200000000000000000e+03 3.867779777214800119e+08 5.529059696436898230e+04 8.647833990257822734e-01 1.000000000000000000e+01 1.012824999999999975e-01 3.202833871159999762e-02 4.453371268499999464e-13
2.300000000000000000e+03 3.867780777214800119e+08 5.529059812177639105e+04 8.655806488336565963e-01 1.000000000000000000e+01 1.012824999999999975e-01 3.202833871159999762e-02 4.453371268499999464e-13
2.400000000000000000e+03 3.867781777214800119e+08 5.529059927918379253e+04 8.663778986369834456e-01 8.000000000000000000e+00 8.102600000000000080e-02 2.864701702620999976e-02 3.562697014799999773e-13
2.500000000000000000e+03 3.867782777214800119e+08 5.529060043659120129e+04 8.671751484448577685e-01 1.100000000000000000e+01 1.114107500000000028e-01 3.359160503291999667e-02 4.898708395350000067e-13
2.600000000000000000e+03 3.867783777214800119e+08 5.529060159399861004e+04 8.679723982527320914e-01 8.000000000000000000e+00 8.102600000000000080e-02 2.864701702620999976e-02 3.562697014799999773e-13
2.700000000000000000e+03 3.867784777214800119e+08 5.529060275140601880e+04 8.687696480606064142e-01 9.000000000000000000e+00 9.115425000000000610e-02 3.038474999999999857e-02 4.008034141649999871e-13
2.800000000000000000e+03 3.867785777214800119e+08 5.529060390881342755e+04 8.695668978689354844e-01 1.000000000000000000e+01 1.012824999999999975e-01 3.202833871159999762e-02 4.453371268499999464e-13
2.900000000000000000e+03 3.867786777214800119e+08 5.529060506622083631e+04 8.703641476768098073e-01 3.000000000000000000e+00 3.038474999999999857e-02 1.754264359175999877e-02 1.336011380549999789e-13
3.000000000000000000e+03 3.867787777214800119e+08 5.529060622362823779e+04 8.711613974796819093e-01 3.000000000000000000e+00 3.038474999999999857e-02 1.754264359175999877e-02 1.336011380549999789e-13
3.100000000000000000e+03 3.867788777214800119e+08 5.529060738103564654e+04 8.719586472875562322e-01 5.000000000000000000e+00 5.064124999999999877e-02 2.264745549311000111e-02 2.226685634249999732e-13
3.200000000000000000e+03 3.867789777214800119e+08 5.529060853844305529e+04 8.727558970958853024e-01 5.000000000000000000e+00 5.064124999999999877e-02 2.264745549311000111e-02 2.226685634249999732e-13
3.300000000000000000e+03 3.867790777214800119e+08 5.529060969585046405e+04 8.735531469037596253e-01 1.200000000000000000e+01 1.215389999999999943e-01 3.508528718351999753e-02 5.344045522199999155e-13
3.400000000000000000e+03 3.867791777214800119e+08 5.529061085325787280e+04 8.743503967116339481e-01 1.400000000000000000e+01 1.417954999999999910e-01 3.789644142759000106e-02 6.234719775899999351e-13
3.500000000000000000e+03 3.867792777214800119e+08 5.529061201066528156e+04 8.751476465195082710e-01 9.000000000000000000e+00 9.115425000000000610e-02 3.038474999999999857e-02 4.008034141649999871e-13
3.600000000000000000e+03 3.867793777214800119e+08 5.529061316807268304e+04 8.759448963228351204e-01 1.000000000000000000e+01 1.012824999999999975e-01 3.202833871159999762e-02 4.453371268499999464e-13
3.700000000000000000e+03 3.867794777214800119e+08 5.529061432548009179e+04 8.767421461307094432e-01 1.500000000000000000e+01 1.519237499999999963e-01 3.922654357622999688e-02 6.680056902749999449e-13
3.800000000000000000e+03 3.867795777214800119e+08 5.529061548288750055e+04 8.775393959385837661e-01 6.000000000000000000e+00 6.076949999999999713e-02 2.480904448734000053e-02 2.672022761099999578e-13
3.900000000000000000e+03 3.867796777214800119e+08 5.529061664029490930e+04 8.783366457464580890e-01 1.000000000000000000e+01 1.012824999999999975e-01 3.202833871159999762e-02 4.453371268499999464e-13
4.000000000000000000e+03 3.867797777214800119e+08 5.529061779770231806e+04 8.791338955547871592e-01 1.000000000000000000e+01 1.012824999999999975e-01 3.202833871159999762e-02 4.453371268499999464e-13
4.100000000000000000e+03 3.867798777214800119e+08 5.529061895510971954e+04 8.799311453576592612e-01 7.000000000000000000e+00 7.089774999999999550e-02 2.679683071629000018e-02 3.117359887949999675e-13
4.200000000000000000e+03 3.867799777214800119e+08 5.529062011251712829e+04 8.807283951655335841e-01 7.000000000000000000e+00 7.089774999999999550e-02 2.679683071629000018e-02 3.117359887949999675e-13
4.300000000000000000e+03 3.867800777214800119e+08 5.529062126992453705e+04 8.815256449738626543e-01 7.000000000000000000e+00 7.089774999999999550e-02 2.679683071629000018e-02 3.117359887949999675e-13
4.400000000000000000e+03 3.867801777214800119e+08 5.529062242733194580e+04 8.823228947817369772e-01 1.700000000000000000e+01 1.721802500000000069e-01 4.175984455265999845e-02 7.570731156449999644e-13
4.500000000000000000e+03 3.867802777214800119e+08 5.529062358473935456e+04 8.831201445896113000e-01 1.100000000000000000e+01 1.114107500000000028e-01 3.359160503291999667e-02 4.898708395350000067e-13
4.600000000000000000e+03 3.867803777214800119e+08 5.529062474214675603e+04 8.839173943924834020e-01 1.600000000000000000e+01 1.620520000000000016e-01 4.051300000000000040e-02 7.125394029599999547e-13
4.700000000000000000e+03 3.867804777214800119e+08 5.529062589955416479e+04 8.847146442008124723e-01 1.200000000000000000e+01 1.215389999999999943e-01 3.508528718351999753e-02 5.344045522199999155e-13
4.800000000000000000e+03 3.867805777214800119e+08 5.529062705696157354e+04 8.855118940086867951e-01 7.000000000000000000e+00 7.089774999999999550e-02 2.679683071629000018e-02 3.117359887949999675e-13
4.900000000000000000e+03 3.867806777214800119e+08 5.529062821436898230e+04 8.863091438165611180e-01 5.000000000000000000e+00 5.064124999999999877e-02 2.264745549311000111e-02 2.226685634249999732e-13
5.000000000000000000e+03 3.867807777214800119e+08 5.529062937177639105e+04 8.871063936244354409e-01 1.000000000000000000e+01 1.012824999999999975e-01 3.202833871159999762e-02 4.453371268499999464e-13
5.100000000000000000e+03 3.867808777214800119e+08 5.529063052918379253e+04 8.879036434277622902e-01 7.000000000000000000e+00 7.089774999999999550e-02 2.679683071629000018e-02 3.117359887949999675e-13
5.200000000000000000e+03 3.867809777214800119e+08 5.529063168659120129e+04 8.887008932356366131e-01 4.000000000000000000e+00 4.051300000000000040e-02 2.025650000000000020e-02 1.781348507399999887e-13
5.300000000000000000e+03 3.867810777214800119e+08 5.529063284399861004e+04 8.894981430435109360e-01 1.200000000000000000e+01 1.215389999999999943e-01 3.508528718351999753e-02 5.344045522199999155e-13
5.400000000000000000e+03 3.867811777214800119e+08 5.529063400140601880e+04 8.902953928513852588e-01 1.300000000000000000e+01 1.316672500000000134e-01 3.651792470571999655e-02 5.789382649050000263e-13
5.500000000000000000e+03 3.867812777214800119e+08 5.529063515881342755e+04 8.910926426597143291e-01 1.300000000000000000e+01 1.316672500000000134e-01 3.651792470571999655e-02 5.789382649050000263e-13
5.600000000000000000e+03 3.867813777214800119e+08 5.529063631622083631e+04 8.918898924675886519e-01 9.000000000000000000e+00 9.115425000000000610e-02 3.038474999999999857e-02 4.008034141649999871e-13
5.700000000000000000e+03 3.867814777214800119e+08 5.529063747362823779e+04 8.926871422704607539e-01 1.000000000000000000e+01 1.012824999999999975e-01 3.202833871159999762e-02 4.453371268499999464e-13
5.800000000000000000e+03 3.867815777214800119e+08 5.529063863103564654e+04 8.934843920783350768e-01 1.000000000000000000e+01 1.012824999999999975e-01 3.202833871159999762e-02 4.453371268499999464e-13
5.900000000000000000e+03 3.867816777214800119e+08 5.529063978844305529e+04 8.942816418866641470e-01 1.300000000000000000e+01 1.316672500000000134e-01 3.651792470571999655e-02 5.789382649050000263e-13
6.000000000000000000e+03 3.867817777214800119e+08 5.529064094585046405e+04 8.950788916945384699e-01 1.300000000000000000e+01 1.316672500000000134e-01 3.651792470571999655e-02 5.789382649050000263e-13
6.100000000000000000e+03 3.867818777214800119e+08 5.529064210325787280e+04 8.958761415024127928e-01 2.000000000000000000e+00 2.025650000000000020e-02 1.432350851310999935e-02 8.906742536999999433e-14
6.200000000000000000e+03 3.867819777214800119e+08 5.529064326066528156e+04 8.966733913102871156e-01 1.000000000000000000e+01 1.012824999999999975e-01 3.202833871159999762e-02 4.453371268499999464e-13
6.300000000000000000e+03 3.867820777214800119e+08 5.529064441807268304e+04 8.974706411136139650e-01 9.000000000000000000e+00 9.115425000000000610e-02 3.038474999999999857e-02 4.008034141649999871e-13
6.400000000000000000e+03 3.867821777214800119e+08 5.529064557548009179e+04 8.982678909214882879e-01 5.000000000000000000e+00 5.064124999999999877e-02 2.264745549311000111e-02 2.226685634249999732e-13
6.500000000000000000e+03 3.867822777214800119e+08 5.529064673288750055e+04 8.990651407293626107e-01 9.000000000000000000e+00 9.115425000000000610e-02 3.038474999999999857e-02 4.008034141649999871e-13
6.600000000000000000e+03 3.867823777214800119e+08 5.529064789029490930e+04 8.998623905372369336e-01 1.000000000000000000e+01 1.012824999999999975e-01 3.202833871159999762e-02 4.453371268499999464e-13
6.700000000000000000e+03 3.867824777214800119e+08 5.529064904770231806e+04 9.006596403455660038e-01 1.200000000000000000e+01 1.215389999999999943e-01 3.508528718351999753e-02 5.344045522199999155e-13
6.800000000000000000e+03 3.867825777214800119e+08 5.529065020510971954e+04 9.014568901484381058e-01 1.400000000000000000e+01 1.417954999999999910e-01 3.789644142759000106e-02 6.234719775899999351e-13
6.900000000000000000e+03 3.867826777214800119e+08 5.529065136251712829e+04 9.022541399563124287e-01 6.000000000000000000e+00 6.076949999999999713e-02 2.480904448734000053e-02 2.672022761099999578e-13
7.000000000000000000e+03 3.867827777214800119e+08 5.529065251992453705e+04 9.030513897641867516e-01 8.000000000000000000e+00 8.102600000000000080e-02 2.864701702620999976e-02 3.562697014799999773e-13
7.100000000000000000e+03 3.867828777214800119e+08 5.529065367733194580e+04 9.038486395725158218e-01 8.000000000000000000e+00 8.102600000000000080e-02 2.864701702620999976e-02 3.562697014799999773e-13
7.200000000000000000e+03 3.867829777214800119e+08 5.529065483473935456e+04 9.046458893803901447e-01 1.100000000000000000e+01 1.114107500000000028e-01 3.359160503291999667e-02 4.898708395350000067e-13
7.300000000000000000e+03 3.867830777214800119e+08 5.529065599214675603e+04 9.054431391832622467e-01 5.000000000000000000e+00 5.064124999999999877e-02 2.264745549311000111e-02 2.226685634249999732e-13
7.400000000000000000e+03 3.867831777214800119e+08 5.529065714955416479e+04 9.062403889915913169e-01 1.200000000000000000e+01 1.215389999999999943e-01 3.508528718351999753e-02 5.344045522199999155e-13
7.500000000000000000e+03 3.867832777214800119e+08 5.529065830696157354e+04 9.070376387994656397e-01 1.400000000000000000e+01 1.417954999999999910e-01 3.789644142759000106e-02 6.234719775899999351e-13
7.600000000000000000e+03 3.867833777214800119e+08 5.529065946436898230e+04 9.078348886073399626e-01 1.400000000000000000e+01 1.417954999999999910e-01 3.789644142759000106e-02 6.234719775899999351e-13
7.700000000000000000e+03 3.867834777214800119e+08 5.529066062177639105e+04 9.086321384152142855e-01 7.000000000000000000e+00 7.089774999999999550e-02 2.679683071629000018e-02 3.117359887949999675e-13
7.800000000000000000e+03 3.867835777214800119e+08 5.529066177918379253e+04 9.094293882185411348e-01 1.000000000000000000e+01 1.012824999999999975e-01 3.202833871159999762e-02 4.453371268499999464e-13
7.900000000000000000e+03 3.867836777214800119e+08 5.529066293659120129e+04 9.102266380264154577e-01 7.000000000000000000e+00 7.089774999999999550e-02 2.679683071629000018e-02 3.117359887949999675e-13
8.000000000000000000e+03 3.867837777214800119e+08 5.529066409399861004e+04 9.110238878342897806e-01 1.200000000000000000e+01 1.215389999999999943e-01 3.508528718351999753e-02 5.344045522199999155e-13
8.100000000000000000e+03 3.867838777214800119e+08 5.529066525140601880e+04 9.118211376421641035e-01 6.000000000000000000e+00 6.076949999999999713e-02 2.480904448734000053e-02 2.672022761099999578e-13
8.200000000000000000e+03 3.867839777214800119e+08 5.529066640881342755e+04 9.126183874504931737e-01 8.000000000000000000e+00 8.102600000000000080e-02 2.864701702620999976e-02 3.562697014799999773e-13
8.300000000000000000e+03 3.867840777214800119e+08 5.529066756622083631e+04 9.134156372583674965e-01 1.300000000000000000e+01 1.316672500000000134e-01 3.651792470571999655e-02 5.789382649050000263e-13
8.400000000000000000e+03 3.867841777214800119e+08 5.529066872362823779e+04 9.142128870612395986e-01 8.000000000000000000e+00 8.102600000000000080e-02 2.864701702620999976e-02 3.562697014799999773e-13
8.500000000000000000e+03 3.867842777214800119e+08 5.529066988103564654e+04 9.150101368691139214e-01 8.000000000000000000e+00 8.102600000000000080e-02 2.864701702620999976e-02 3.562697014799999773e-13
8.600000000000000000e+03 3.867843777214800119e+08 5.529067103844305529e+04 9.158073866774429916e-01 5.000000000000000000e+00 5.064124999999999877e-02 2.264745549311000111e-02 2.226685634249999732e-13
8.700000000000000000e+03 3.867844777214800119e+08 5.529067219585046405e+04 9.166046364853173145e-01 9.000000000000000000e+00 9.115425000000000610e-02 3.038474999999999857e-02 4.008034141649999871e-13
8.800000000000000000e+03 3.867845777214800119e+08 5.529067335325787280e+04 9.174018862931916374e-01 1.100000000000000000e+01 1.114107500000000028e-01 3.359160503291999667e-02 4.898708395350000067e-13
8.900000000000000000e+03 3.867846777214800119e+08 5.529067451066528156e+04 9.181991361010659602e-01 7.000000000000000000e+00 7.089774999999999550e-02 2.679683071629000018e-02 3.117359887949999675e-13
9.000000000000000000e+03 3.867847777214800119e+08 5.529067566807268304e+04 9.189963859043928096e-01 4.000000000000000000e+00 4.051300000000000040e-02 2.025650000000000020e-02 1.781348507399999887e-13
9.100000000000000000e+03 3.867848777214800119e+08 5.529067682548009179e+04 9.197936357122671325e-01 1.200000000000000000e+01 1.215389999999999943e-01 3.508528718351999753e-02 5.344045522199999155e-13
9.200000000000000000e+03 3.867849777214800119e+08 5.529067798288750055e+04 9.205908855201414553e-01 9.000000000000000000e+00 9.115425000000000610e-02 3.038474999999999857e-02 4.008034141649999871e-13
9.300000000000000000e+03 3.867850777214800119e+08 5.529067914029490930e+04 9.213881353280157782e-01 1.100000000000000000e+01 1.114107500000000028e-01 3.359160503291999667e-02 4.898708395350000067e-13
9.400000000000000000e+03 3.867851777214800119e+08 5.529068029770231806e+04 9.221853851363448484e-01 8.000000000000000000e+00 8.102600000000000080e-02 2.864701702620999976e-02 3.562697014799999773e-13
9.500000000000000000e+03 3.867852777214800119e+08 5.529068145510971954e+04 9.229826349392169504e-01 8.000000000000000000e+00 8.102600000000000080e-02 2.864701702620999976e-02 3.562697014799999773e-13
9.600000000000000000e+03 3.867853777214800119e+08 5.529068261251712829e+04 9.237798847470912733e-01 7.000000000000000000e+00 7.089774999999999550e-02 2.679683071629000018e-02 3.117359887949999675e-13
9.700000000000000000e+03 3.867854777214800119e+08 5.529068376992453705e+04 9.245771345549655962e-01 6.000000000000000000e+00 6.076949999999999713e-02 2.480904448734000053e-02 2.672022761099999578e-13
9.800000000000000000e+03 3.867855777214800119e+08 5.529068492733194580e+04 9.253743843632946664e-01 9.000000000000000000e+00 9.115425000000000610e-02 3.038474999999999857e-02 4.008034141649999871e-13
9.900000000000000000e+03 3.867856777214800119e+08 5.529068608473935456e+04 9.261716341711689893e-01 1.200000000000000000e+01 1.215389999999999943e-01 3.508528718351999753e-02 5.344045522199999155e-13
1.000000000000000000e+04 3.867857777214800119e+08 5.529068724214675603e+04 9.269688839740410913e-01 6.000000000000000000e+00 6.076949999999999713e-02 2.480904448734000053e-02 2.672022761099999578e-13
1.010000000000000000e+04 3.867858777214800119e+08 5.529068839955416479e+04 9.277661337819154141e-01 8.000000000000000000e+00 8.102600000000000080e-02 2.864701702620999976e-02 3.562697014799999773e-13
1.020000000000000000e+04 3.867859777214800119e+08 5.529068955696157354e+04 9.285633835902444844e-01 9.000000000000000000e+00 9.115425000000000610e-02 3.038474999999999857e-02 4.008034141649999871e-13
1.030000000000000000e+04 3.867860777214800119e+08 5.529069071436898230e+04 9.293606333981188072e-01 1.000000000000000000e+01 1.012824999999999975e-01 3.202833871159999762e-02 4.453371268499999464e-13
1.040000000000000000e+04 3.867861777214800119e+08 5.529069187177639105e+04 9.301578832059931301e-01 1.200000000000000000e+01 1.215389999999999943e-01 3.508528718351999753e-02 5.344045522199999155e-13
1.050000000000000000e+04 3.867862777214800119e+08 5.529069302918379253e+04 9.309551330093199795e-01 1.000000000000000000e+01 1.012824999999999975e-01 3.202833871159999762e-02 4.453371268499999464e-13
1.060000000000000000e+04 3.867863777214800119e+08 5.529069418659120129e+04 9.317523828171943023e-01 1.300000000000000000e+01 1.316672500000000134e-01 3.651792470571999655e-02 5.789382649050000263e-13
1.070000000000000000e+04 3.867864777214800119e+08 5.529069534399861004e+04 9.325496326250686252e-01 7.000000000000000000e+00 7.089774999999999550e-02 2.679683071629000018e-02 3.117359887949999675e-13
1.080000000000000000e+04 3.867865777214800119e+08 5.529069650140601880e+04 9.333468824329429481e-01 8.000000000000000000e+00 8.102600000000000080e-02 2.864701702620999976e-02 3.562697014799999773e-13
1.090000000000000000e+04 3.867866777214800119e+08 5.529069765881342755e+04 9.341441322412720183e-01 1.100000000000000000e+01 1.114107500000000028e-01 3.359160503291999667e-02 4.898708395350000067e-13
1.100000000000000000e+04 3.867867777214800119e+08 5.529069881622083631e+04 9.349413820491463412e-01 7.000000000000000000e+00 7.089774999999999550e-02 2.679683071629000018e-02 3.117359887949999675e-13
1.110000000000000000e+04 3.867868777214800119e+08 5.529069997362823779e+04 9.357386318520184432e-01 1.000000000000000000e+01 1.012824999999999975e-01 3.202833871159999762e-02 4.453371268499999464e-13
1.120000000000000000e+04 3.867869777214800119e+08 5.529070113103564654e+04 9.365358816598927660e-01 1.200000000000000000e+01 1.215389999999999943e-01 3.508528718351999753e-02 5.344045522199999155e-13
1.130000000000000000e+04 3.867870777214800119e+08 5.529070228844305529e+04 9.373331314682218363e-01 1.300000000000000000e+01 1.316672500000000134e-01 3.651792470571999655e-02 5.789382649050000263e-13
1.140000000000000000e+04 3.867871777214800119e+08 5.529070344585046405e+04 9.381303812760961591e-01 1.300000000000000000e+01 1.316672500000000134e-01 3.651792470571999655e-02 5.789382649050000263e-13
1.150000000000000000e+04 3.867872777214800119e+08 5.529070460325787280e+04 9.389276310839704820e-01 1.300000000000000000e+01 1.316672500000000134e-01 3.651792470571999655e-02 5.789382649050000263e-13
1.160000000000000000e+04 3.867873777214800119e+08 5.529070576066528156e+04 9.397248808918448049e-01 1.200000000000000000e+01 1.215389999999999943e-01 3.508528718351999753e-02 5.344045522199999155e-13
1.170000000000000000e+04 3.867874777214800119e+08 5.529070691807268304e+04 9.405221306951716542e-01 8.000000000000000000e+00 8.102600000000000080e-02 2.864701702620999976e-02 3.562697014799999773e-13
1.180000000000000000e+04 3.867875777214800119e+08 5.529070807548009179e+04 9.413193805030459771e-01 9.000000000000000000e+00 9.115425000000000610e-02 3.038474999999999857e-02 4.008034141649999871e-13
1.190000000000000000e+04 3.867876777214800119e+08 5.529070923288750055e+04 9.421166303109203000e-01 9.000000000000000000e+00 9.115425000000000610e-02 3.038474999999999857e-02 4.008034141649999871e-13
1.200000000000000000e+04 3.867877777214800119e+08 5.529071039029490930e+04 9.429138801187946228e-01 7.000000000000000000e+00 7.089774999999999550e-02 2.679683071629000018e-02 3.117359887949999675e-13
1.210000000000000000e+04 3.867878777214800119e+08 5.529071154770231806e+04 9.437111299271236931e-01 1.000000000000000000e+01 1.012824999999999975e-01 3.202833871159999762e-02 4.453371268499999464e-13
1.220000000000000000e+04 3.867879777214800119e+08 5.529071270510971954e+04 9.445083797299957951e-01 8.000000000000000000e+00 8.102600000000000080e-02 2.864701702620999976e-02 3.562697014799999773e-13
1.230000000000000000e+04 3.867880777214800119e+08 5.529071386251712829e+04 9.453056295378701179e-01 7.000000000000000000e+00 7.089774999999999550e-02 2.679683071629000018e-02 3.117359887949999675e-13
1.240000000000000000e+04 3.867881777214800119e+08 5.529071501992453705e+04 9.461028793457444408e-01 8.000000000000000000e+00 8.102600000000000080e-02 2.864701702620999976e-02 3.562697014799999773e-13
1.250000000000000000e+04 3.867882777214800119e+08 5.529071617733194580e+04 9.469001291540735110e-01 6.000000000000000000e+00 6.076949999999999713e-02 2.480904448734000053e-02 2.672022761099999578e-13
1.260000000000000000e+04 3.867883777214800119e+08 5.529071733473935456e+04 9.476973789619478339e-01 1.000000000000000000e+01 1.012824999999999975e-01 3.202833871159999762e-02 4.453371268499999464e-13
1.270000000000000000e+04 3.867884777214800119e+08 5.529071849214675603e+04 9.484946287648199359e-01 1.200000000000000000e+01 1.215389999999999943e-01 3.508528718351999753e-02 5.344045522199999155e-13
1.280000000000000000e+04 3.867885777214800119e+08 5.529071964955416479e+04 9.492918785726942588e-01 8.000000000000000000e+00 8.102600000000000080e-02 2.864701702620999976e-02 3.562697014799999773e-13
1.290000000000000000e+04 3.867886777214800119e+08 5.529072080696157354e+04 9.500891283810233290e-01 1.000000000000000000e+01 1.012824999999999975e-01 3.202833871159999762e-02 4.453371268499999464e-13
1.300000000000000000e+04 3.867887777214800119e+08 5.529072196436898230e+04 9.508863781888976519e-01 9.000000000000000000e+00 9.115425000000000610e-02 3.038474999999999857e-02 4.008034141649999871e-13
1.310000000000000000e+04 3.867888777214800119e+08 5.529072312177639105e+04 9.516836279967719747e-01 1.500000000000000000e+01 1.519237499999999963e-01 3.922654357622999688e-02 6.680056902749999449e-13
1.320000000000000000e+04 3.867889777214800119e+08 5.529072427918379253e+04 9.524808778000988241e-01 7.000000000000000000e+00 7.089774999999999550e-02 2.679683071629000018e-02 3.117359887949999675e-13
1.330000000000000000e+04 3.867890777214800119e+08 5.529072543659120129e+04 9.532781276079731470e-01 1.100000000000000000e+01 1.114107500000000028e-01 3.359160503291999667e-02 4.898708395350000067e-13
1.340000000000000000e+04 3.867891777214800119e+08 5.529072659399861004e+04 9.540753774158474698e-01 1.200000000000000000e+01 1.215389999999999943e-01 3.508528718351999753e-02 5.344045522199999155e-13
1.350000000000000000e+04 3.867892777214800119e+08 5.529072775140601880e+04 9.548726272237217927e-01 1.200000000000000000e+01 1.215389999999999943e-01 3.508528718351999753e-02 5.344045522199999155e-13
1.360000000000000000e+04 3.867893777214800119e+08 5.529072890881342755e+04 9.556698770320508629e-01 1.400000000000000000e+01 1.417954999999999910e-01 3.789644142759000106e-02 6.234719775899999351e-13
1.370000000000000000e+04 3.867894777214800119e+08 5.529073006622083631e+04 9.564671268399251858e-01 6.000000000000000000e+00 6.076949999999999713e-02 2.480904448734000053e-02 2.672022761099999578e-13
1.380000000000000000e+04 3.867895777214800119e+08 5.529073122362823779e+04 9.572643766427972878e-01 3.000000000000000000e+00 3.038474999999999857e-02 1.754264359175999877e-02 1.336011380549999789e-13
1.390000000000000000e+04 3.867896777214800119e+08 5.529073238103564654e+04 9.580616264506716107e-01 9.000000000000000000e+00 9.115425000000000610e-02 3.038474999999999857e-02 4.008034141649999871e-13
1.400000000000000000e+04 3.867897777214800119e+08 5.529073353844305529e+04 9.588588762590006809e-01 6.000000000000000000e+00 6.076949999999999713e-02 2.480904448734000053e-02 2.672022761099999578e-13
1.410000000000000000e+04 3.867898777214800119e+08 5.529073469585046405e+04 9.596561260668750037e-01 8.000000000000000000e+00 8.102600000000000080e-02 2.864701702620999976e-02 3.562697014799999773e-13
1.420000000000000000e+04 3.867899777214800119e+08 5.529073585325787280e+04 9.604533758747493266e-01 8.000000000000000000e+00 8.102600000000000080e-02 2.864701702620999976e-02 3.562697014799999773e-13
1.430000000000000000e+04 3.867900777214800119e+08 5.529073701066528156e+04 9.612506256826236495e-01 8.000000000000000000e+00 8.102600000000000080e-02 2.864701702620999976e-02 3.562697014799999773e-13
1.440000000000000000e+04 3.867901777214800119e+08 5.529073816807268304e+04 9.620478754859504988e-01 6.000000000000000000e+00 6.076949999999999713e-02 2.480904448734000053e-02 2.672022761099999578e-13
1.450000000000000000e+04 3.867902777214800119e+08 5.529073932548009179e+04 9.628451252938248217e-01 1.100000000000000000e+01 1.114107500000000028e-01 3.359160503291999667e-02 4.898708395350000067e-13
1.460000000000000000e+04 3.867903777214800119e+08 5.529074048288750055e+04 9.636423751016991446e-01 8.000000000000000000e+00 8.102600000000000080e-02 2.864701702620999976e-02 3.562697014799999773e-13
1.470000000000000000e+04 3.867904777214800119e+08 5.529074164029490930e+04 9.644396249095734674e-01 9.000000000000000000e+00 9.115425000000000610e-02 3.038474999999999857e-02 4.008034141649999871e-13
1.480000000000000000e+04 3.867905777214800119e+08 5.529074279770231806e+04 9.652368747179025377e-01 1.300000000000000000e+01 1.316672500000000134e-01 3.651792470571999655e-02 5.789382649050000263e-13
1.490000000000000000e+04 3.867906777214800119e+08 5.529074395510971954e+04 9.660341245207746397e-01 1.000000000000000000e+01 1.012824999999999975e-01 3.202833871159999762e-02 4.453371268499999464e-13
1.500000000000000000e+04 3.867907777214800119e+08 5.529074511251712829e+04 9.668313743286489625e-01 7.000000000000000000e+00 7.089774999999999550e-02 2.679683071629000018e-02 3.117359887949999675e-13
1.510000000000000000e+04 3.867908777214800119e+08 5.529074626992453705e+04 9.676286241365232854e-01 9.000000000000000000e+00 9.115425000000000610e-02 3.038474999999999857e-02 4.008034141649999871e-13
1.520000000000000000e+04 3.867909777214800119e+08 5.529074742733194580e+04 9.684258739448523556e-01 1.000000000000000000e+01 1.012824999999999975e-01 3.202833871159999762e-02 4.453371268499999464e-13
1.530000000000000000e+04 3.867910777214800119e+08 5.529074858473935456e+04 9.692231237527266785e-01 9.000000000000000000e+00 9.115425000000000610e-02 3.038474999999999857e-02 4.008034141649999871e-13
1.540000000000000000e+04 3.867911777214800119e+08 5.529074974214675603e+04 9.700203735555987805e-01 1.100000000000000000e+01 1.114107500000000028e-01 3.359160503291999667e-02 4.898708395350000067e-13
1.550000000000000000e+04 3.867912777214800119e+08 5.529075089955416479e+04 9.708176233634731034e-01 1.300000000000000000e+01 1.316672500000000134e-01 3.651792470571999655e-02 5.789382649050000263e-13
1.560000000000000000e+04 3.867913777214800119e+08 5.529075205696157354e+04 9.716148731718021736e-01 8.000000000000000000e+00 8.102600000000000080e-02 2.864701702620999976e-02 3.562697014799999773e-13
1.570000000000000000e+04 3.867914777214800119e+08 5.529075321436898230e+04 9.724121229796764965e-01 1.400000000000000000e+01 1.417954999999999910e-01 3.789644142759000106e-02 6.234719775899999351e-13
1.580000000000000000e+04 3.867915777214800119e+08 5.529075437177639105e+04 9.732093727875508193e-01 6.000000000000000000e+00 6.076949999999999713e-02 2.480904448734000053e-02 2.672022761099999578e-13
1.590000000000000000e+04 3.867916777214800119e+08 5.529075552918379253e+04 9.740066225904229213e-01 1.400000000000000000e+01 1.417954999999999910e-01 3.789644142759000106e-02 6.234719775899999351e-13
1.600000000000000000e+04 3.867917777214800119e+08 5.529075668659120129e+04 9.748038723987519916e-01 8.000000000000000000e+00 8.102600000000000080e-02 2.864701702620999976e-02 3.562697014799999773e-13
1.610000000000000000e+04 3.867918777214800119e+08 5.529075784399861004e+04 9.756011222066263144e-01 4.000000000000000000e+00 4.051300000000000040e-02 2.025650000000000020e-02 1.781348507399999887e-13
1.620000000000000000e+04 3.867919777214800119e+08 5.529075900140601880e+04 9.763983720145006373e-01 6.000000000000000000e+00 2.125185878613899959e-01 8.676035018621000572e-02 9.344399804547744832e-13
1.630000000000000000e+04 3.867920777214800119e+08 5.529076015881342755e+04 9.771956218228297075e-01 0.000000000000000000e+00 0.000000000000000000e+00 0.000000000000000000e+00 0.000000000000000000e+00
1.640000000000000000e+04 3.867921777214800119e+08 5.529076131622083631e+04 9.779928716307040304e-01 0.000000000000000000e+00 0.000000000000000000e+00 0.000000000000000000e+00 0.000000000000000000e+00
