# Columns: dt, t_raw, mjd, phase, counts, rate, rate_err, flux_t
# 
0.000000000000000000e+00 3.822659276551499963e+08 5.523837416267534718e+04 8.924729505083632830e-01 0.000000000000000000e+00 0.000000000000000000e+00 0.000000000000000000e+00 0.000000000000000000e+00
1.000000000000000000e+02 3.822660276551499963e+08 5.523837532008275593e+04 8.932702003162376059e-01 0.000000000000000000e+00 0.000000000000000000e+00 0.000000000000000000e+00 0.000000000000000000e+00
2.000000000000000000e+02 3.822661276551499963e+08 5.523837647749016469e+04 8.940674501245666761e-01 0.000000000000000000e+00 0.000000000000000000e+00 0.000000000000000000e+00 0.000000000000000000e+00
3.000000000000000000e+02 3.822662276551499963e+08 5.523837763489756617e+04 8.948646999274387781e-01 0.000000000000000000e+00 0.000000000000000000e+00 0.000000000000000000e+00 0.000000000000000000e+00
4.000000000000000000e+02 3.822663276551499963e+08 5.523837879230497492e+04 8.956619497353131010e-01 0.000000000000000000e+00 0.000000000000000000e+00 0.000000000000000000e+00 0.000000000000000000e+00
5.000000000000000000e+02 3.822664276551499963e+08 5.523837994971238368e+04 8.964591995431874238e-01 0.000000000000000000e+00 0.000000000000000000e+00 0.000000000000000000e+00 0.000000000000000000e+00
6.000000000000000000e+02 3.822665276551499963e+08 5.523838110711979243e+04 8.972564493515164941e-01 0.000000000000000000e+00 0.000000000000000000e+00 0.000000000000000000e+00 0.000000000000000000e+00
7.000000000000000000e+02 3.822666276551499963e+08 5.523838226452720119e+04 8.980536991593908169e-01 0.000000000000000000e+00 0.000000000000000000e+00 0.000000000000000000e+00 0.000000000000000000e+00
8.000000000000000000e+02 3.822667276551499963e+08 5.523838342193460267e+04 8.988509489622629189e-01 0.000000000000000000e+00 0.000000000000000000e+00 0.000000000000000000e+00 0.000000000000000000e+00
9.000000000000000000e+02 3.822668276551499963e+08 5.523838457934201142e+04 8.996481987701372418e-01 0.000000000000000000e+00 0.000000000000000000e+00 0.000000000000000000e+00 0.000000000000000000e+00
1.000000000000000000e+03 3.822669276551499963e+08 5.523838573674942018e+04 9.004454485784663120e-01 0.000000000000000000e+00 0.000000000000000000e+00 0.000000000000000000e+00 0.000000000000000000e+00
1.100000000000000000e+03 3.822670276551499963e+08 5.523838689415682893e+04 9.012426983863406349e-01 0.000000000000000000e+00 0.000000000000000000e+00 0.000000000000000000e+00 0.000000000000000000e+00
1.200000000000000000e+03 3.822671276551499963e+08 5.523838805156423768e+04 9.020399481942149578e-01 0.000000000000000000e+00 0.000000000000000000e+00 0.000000000000000000e+00 0.000000000000000000e+00
1.300000000000000000e+03 3.822672276551499963e+08 5.523838920897164644e+04 9.028371980025440280e-01 0.000000000000000000e+00 0.000000000000000000e+00 0.000000000000000000e+00 0.000000000000000000e+00
1.400000000000000000e+03 3.822673276551499963e+08 5.523839036637904792e+04 9.036344478054161300e-01 0.000000000000000000e+00 0.000000000000000000e+00 0.000000000000000000e+00 0.000000000000000000e+00
1.500000000000000000e+03 3.822674276551499963e+08 5.523839152378645667e+04 9.044316976132904529e-01 0.000000000000000000e+00 0.000000000000000000e+00 0.000000000000000000e+00 0.000000000000000000e+00
1.600000000000000000e+03 3.822675276551499963e+08 5.523839268119386543e+04 9.052289474211647757e-01 0.000000000000000000e+00 0.000000000000000000e+00 0.000000000000000000e+00 0.000000000000000000e+00
1.700000000000000000e+03 3.822676276551499963e+08 5.523839383860127418e+04 9.060261972294938460e-01 0.000000000000000000e+00 0.000000000000000000e+00 0.000000000000000000e+00 0.000000000000000000e+00
1.800000000000000000e+03 3.822677276551499963e+08 5.523839499600868294e+04 9.068234470373681688e-01 0.000000000000000000e+00 0.000000000000000000e+00 0.000000000000000000e+00 0.000000000000000000e+00
1.900000000000000000e+03 3.822678276551499963e+08 5.523839615341609169e+04 9.076206968452424917e-01 0.000000000000000000e+00 0.000000000000000000e+00 0.000000000000000000e+00 0.000000000000000000e+00
2.000000000000000000e+03 3.822679276551499963e+08 5.523839731082349317e+04 9.084179466481145937e-01 0.000000000000000000e+00 0.000000000000000000e+00 0.000000000000000000e+00 0.000000000000000000e+00
2.100000000000000000e+03 3.822680276551499963e+08 5.523839846823090193e+04 9.092151964564436639e-01 4.000000000000000000e+00 1.351818365968099900e-01 6.759091829841000487e-02 6.146772182791589121e-13
2.200000000000000000e+03 3.822681276551499963e+08 5.523839962563831068e+04 9.100124462643179868e-01 1.300000000000000000e+01 1.316672500000000134e-01 3.651792470571999655e-02 5.986962524400000636e-13
2.300000000000000000e+03 3.822682276551499963e+08 5.523840078304571944e+04 9.108096960721923097e-01 1.200000000000000000e+01 1.215389999999999943e-01 3.508528718351999753e-02 5.526426945600000509e-13
2.400000000000000000e+03 3.822683276551499963e+08 5.523840194045312819e+04 9.116069458800666325e-01 8.000000000000000000e+00 8.102600000000000080e-02 2.864701702620999976e-02 3.684284630400000508e-13
2.500000000000000000e+03 3.822684276551499963e+08 5.523840309786052967e+04 9.124041956833934819e-01 9.000000000000000000e+00 9.115425000000000610e-02 3.038474999999999857e-02 4.144820209200000635e-13
2.600000000000000000e+03 3.822685276551499963e+08 5.523840425526793842e+04 9.132014454912678048e-01 6.000000000000000000e+00 6.076949999999999713e-02 2.480904448734000053e-02 2.763213472800000255e-13
2.700000000000000000e+03 3.822686276551499963e+08 5.523840541267534718e+04 9.139986952991421276e-01 4.000000000000000000e+00 4.051300000000000040e-02 2.025650000000000020e-02 1.842142315200000254e-13
2.800000000000000000e+03 3.822687276551499963e+08 5.523840657008275593e+04 9.147959451070164505e-01 8.000000000000000000e+00 8.102600000000000080e-02 2.864701702620999976e-02 3.684284630400000508e-13
2.900000000000000000e+03 3.822688276551499963e+08 5.523840772749016469e+04 9.155931949153455207e-01 6.000000000000000000e+00 6.076949999999999713e-02 2.480904448734000053e-02 2.763213472800000255e-13
3.000000000000000000e+03 3.822689276551499963e+08 5.523840888489756617e+04 9.163904447182176227e-01 5.000000000000000000e+00 5.064124999999999877e-02 2.264745549311000111e-02 2.302677894000000128e-13
3.100000000000000000e+03 3.822690276551499963e+08 5.523841004230497492e+04 9.171876945260919456e-01 1.000000000000000000e+01 1.012824999999999975e-01 3.202833871159999762e-02 4.605355788000000256e-13
3.200000000000000000e+03 3.822691276551499963e+08 5.523841119971238368e+04 9.179849443339662685e-01 4.000000000000000000e+00 4.051300000000000040e-02 2.025650000000000020e-02 1.842142315200000254e-13
3.300000000000000000e+03 3.822692276551499963e+08 5.523841235711979243e+04 9.187821941422953387e-01 8.000000000000000000e+00 8.102600000000000080e-02 2.864701702620999976e-02 3.684284630400000508e-13
3.400000000000000000e+03 3.822693276551499963e+08 5.523841351452720119e+04 9.195794439501696615e-01 7.000000000000000000e+00 7.089774999999999550e-02 2.679683071629000018e-02 3.223749051599999876e-13
3.500000000000000000e+03 3.822694276551499963e+08 5.523841467193460267e+04 9.203766937530417636e-01 1.000000000000000000e+01 1.012824999999999975e-01 3.202833871159999762e-02 4.605355788000000256e-13
3.600000000000000000e+03 3.822695276551499963e+08 5.523841582934201142e+04 9.211739435609160864e-01 7.000000000000000000e+00 7.089774999999999550e-02 2.679683071629000018e-02 3.223749051599999876e-13
3.700000000000000000e+03 3.822696276551499963e+08 5.523841698674942018e+04 9.219711933692451566e-01 1.100000000000000000e+01 1.114107500000000028e-01 3.359160503291999667e-02 5.065891366800000383e-13
3.800000000000000000e+03 3.822697276551499963e+08 5.523841814415682893e+04 9.227684431771194795e-01 9.000000000000000000e+00 9.115425000000000610e-02 3.038474999999999857e-02 4.144820209200000635e-13
3.900000000000000000e+03 3.822698276551499963e+08 5.523841930156423768e+04 9.235656929849938024e-01 9.000000000000000000e+00 9.115425000000000610e-02 3.038474999999999857e-02 4.144820209200000635e-13
4.000000000000000000e+03 3.822699276551499963e+08 5.523842045897164644e+04 9.243629427928681253e-01 9.000000000000000000e+00 9.115425000000000610e-02 3.038474999999999857e-02 4.144820209200000635e-13
4.100000000000000000e+03 3.822700276551499963e+08 5.523842161637904792e+04 9.251601925961949746e-01 1.000000000000000000e+01 1.012824999999999975e-01 3.202833871159999762e-02 4.605355788000000256e-13
4.200000000000000000e+03 3.822701276551499963e+08 5.523842277378645667e+04 9.259574424040692975e-01 1.400000000000000000e+01 1.417954999999999910e-01 3.789644142759000106e-02 6.447498103199999753e-13
4.300000000000000000e+03 3.822702276551499963e+08 5.523842393119386543e+04 9.267546922119436204e-01 5.000000000000000000e+00 5.064124999999999877e-02 2.264745549311000111e-02 2.302677894000000128e-13
4.400000000000000000e+03 3.822703276551499963e+08 5.523842508860127418e+04 9.275519420202726906e-01 7.000000000000000000e+00 7.089774999999999550e-02 2.679683071629000018e-02 3.223749051599999876e-13
4.500000000000000000e+03 3.822704276551499963e+08 5.523842624600868294e+04 9.283491918281470134e-01 3.000000000000000000e+00 3.038474999999999857e-02 1.754264359175999877e-02 1.381606736400000127e-13
4.600000000000000000e+03 3.822705276551499963e+08 5.523842740341609169e+04 9.291464416360213363e-01 1.100000000000000000e+01 1.114107500000000028e-01 3.359160503291999667e-02 5.065891366800000383e-13
4.700000000000000000e+03 3.822706276551499963e+08 5.523842856082349317e+04 9.299436914388934383e-01 4.000000000000000000e+00 4.051300000000000040e-02 2.025650000000000020e-02 1.842142315200000254e-13
4.800000000000000000e+03 3.822707276551499963e+08 5.523842971823090193e+04 9.307409412472225085e-01 8.000000000000000000e+00 8.102600000000000080e-02 2.864701702620999976e-02 3.684284630400000508e-13
4.900000000000000000e+03 3.822708276551499963e+08 5.523843087563831068e+04 9.315381910550968314e-01 1.100000000000000000e+01 1.114107500000000028e-01 3.359160503291999667e-02 5.065891366800000383e-13
5.000000000000000000e+03 3.822709276551499963e+08 5.523843203304571944e+04 9.323354408629711543e-01 5.000000000000000000e+00 5.064124999999999877e-02 2.264745549311000111e-02 2.302677894000000128e-13
5.100000000000000000e+03 3.822710276551499963e+08 5.523843319045312819e+04 9.331326906708454771e-01 1.000000000000000000e+01 1.012824999999999975e-01 3.202833871159999762e-02 4.605355788000000256e-13
5.200000000000000000e+03 3.822711276551499963e+08 5.523843434786052967e+04 9.339299404741723265e-01 3.000000000000000000e+00 3.038474999999999857e-02 1.754264359175999877e-02 1.381606736400000127e-13
5.300000000000000000e+03 3.822712276551499963e+08 5.523843550526793842e+04 9.347271902820466494e-01 6.000000000000000000e+00 6.076949999999999713e-02 2.480904448734000053e-02 2.763213472800000255e-13
5.400000000000000000e+03 3.822713276551499963e+08 5.523843666267534718e+04 9.355244400899209722e-01 4.000000000000000000e+00 4.051300000000000040e-02 2.025650000000000020e-02 1.842142315200000254e-13
5.500000000000000000e+03 3.822714276551499963e+08 5.523843782008275593e+04 9.363216898977952951e-01 7.000000000000000000e+00 7.089774999999999550e-02 2.679683071629000018e-02 3.223749051599999876e-13
5.600000000000000000e+03 3.822715276551499963e+08 5.523843897749016469e+04 9.371189397061243653e-01 2.000000000000000000e+00 2.025650000000000020e-02 1.432350851310999935e-02 9.210711576000001270e-14
5.700000000000000000e+03 3.822716276551499963e+08 5.523844013489756617e+04 9.379161895089964673e-01 5.000000000000000000e+00 5.064124999999999877e-02 2.264745549311000111e-02 2.302677894000000128e-13
5.800000000000000000e+03 3.822717276551499963e+08 5.523844129230497492e+04 9.387134393168707902e-01 7.000000000000000000e+00 7.089774999999999550e-02 2.679683071629000018e-02 3.223749051599999876e-13
5.900000000000000000e+03 3.822718276551499963e+08 5.523844244971238368e+04 9.395106891247451131e-01 5.000000000000000000e+00 5.064124999999999877e-02 2.264745549311000111e-02 2.302677894000000128e-13
6.000000000000000000e+03 3.822719276551499963e+08 5.523844360711979243e+04 9.403079389330741833e-01 4.000000000000000000e+00 4.051300000000000040e-02 2.025650000000000020e-02 1.842142315200000254e-13
6.100000000000000000e+03 3.822720276551499963e+08 5.523844476452720119e+04 9.411051887409485062e-01 5.000000000000000000e+00 5.064124999999999877e-02 2.264745549311000111e-02 2.302677894000000128e-13
6.200000000000000000e+03 3.822721276551499963e+08 5.523844592193460267e+04 9.419024385438206082e-01 8.000000000000000000e+00 8.102600000000000080e-02 2.864701702620999976e-02 3.684284630400000508e-13
6.300000000000000000e+03 3.822722276551499963e+08 5.523844707934201142e+04 9.426996883516949310e-01 5.000000000000000000e+00 5.064124999999999877e-02 2.264745549311000111e-02 2.302677894000000128e-13
6.400000000000000000e+03 3.822723276551499963e+08 5.523844823674942018e+04 9.434969381600240013e-01 2.000000000000000000e+00 2.025650000000000020e-02 1.432350851310999935e-02 9.210711576000001270e-14
6.500000000000000000e+03 3.822724276551499963e+08 5.523844939415682893e+04 9.442941879678983241e-01 7.000000000000000000e+00 7.089774999999999550e-02 2.679683071629000018e-02 3.223749051599999876e-13
6.600000000000000000e+03 3.822725276551499963e+08 5.523845055156423768e+04 9.450914377757726470e-01 8.000000000000000000e+00 8.102600000000000080e-02 2.864701702620999976e-02 3.684284630400000508e-13
6.700000000000000000e+03 3.822726276551499963e+08 5.523845170897164644e+04 9.458886875836469699e-01 9.000000000000000000e+00 9.115425000000000610e-02 3.038474999999999857e-02 4.144820209200000635e-13
6.800000000000000000e+03 3.822727276551499963e+08 5.523845286637904792e+04 9.466859373869738192e-01 4.000000000000000000e+00 4.051300000000000040e-02 2.025650000000000020e-02 1.842142315200000254e-13
6.900000000000000000e+03 3.822728276551499963e+08 5.523845402378645667e+04 9.474831871948481421e-01 4.000000000000000000e+00 4.051300000000000040e-02 2.025650000000000020e-02 1.842142315200000254e-13
7.000000000000000000e+03 3.822729276551499963e+08 5.523845518119386543e+04 9.482804370027224650e-01 4.000000000000000000e+00 4.051300000000000040e-02 2.025650000000000020e-02 1.842142315200000254e-13
7.100000000000000000e+03 3.822730276551499963e+08 5.523845633860127418e+04 9.490776868110515352e-01 8.000000000000000000e+00 8.102600000000000080e-02 2.864701702620999976e-02 3.684284630400000508e-13
7.200000000000000000e+03 3.822731276551499963e+08 5.523845749600868294e+04 9.498749366189258581e-01 3.000000000000000000e+00 3.038474999999999857e-02 1.754264359175999877e-02 1.381606736400000127e-13
7.300000000000000000e+03 3.822732276551499963e+08 5.523845865341609169e+04 9.506721864268001809e-01 5.000000000000000000e+00 5.064124999999999877e-02 2.264745549311000111e-02 2.302677894000000128e-13
7.400000000000000000e+03 3.822733276551499963e+08 5.523845981082349317e+04 9.514694362296722829e-01 8.000000000000000000e+00 8.102600000000000080e-02 2.864701702620999976e-02 3.684284630400000508e-13
7.500000000000000000e+03 3.822734276551499963e+08 5.523846096823090193e+04 9.522666860380013532e-01 5.000000000000000000e+00 5.064124999999999877e-02 2.264745549311000111e-02 2.302677894000000128e-13
7.600000000000000000e+03 3.822735276551499963e+08 5.523846212563831068e+04 9.530639358458756760e-01 9.000000000000000000e+00 9.115425000000000610e-02 3.038474999999999857e-02 4.144820209200000635e-13
7.700000000000000000e+03 3.822736276551499963e+08 5.523846328304571944e+04 9.538611856537499989e-01 9.000000000000000000e+00 9.115425000000000610e-02 3.038474999999999857e-02 4.144820209200000635e-13
7.800000000000000000e+03 3.822737276551499963e+08 5.523846444045312819e+04 9.546584354616243218e-01 1.000000000000000000e+01 1.012824999999999975e-01 3.202833871159999762e-02 4.605355788000000256e-13
7.900000000000000000e+03 3.822738276551499963e+08 5.523846559786052967e+04 9.554556852649511711e-01 7.000000000000000000e+00 7.089774999999999550e-02 2.679683071629000018e-02 3.223749051599999876e-13
8.000000000000000000e+03 3.822739276551499963e+08 5.523846675526793842e+04 9.562529350728254940e-01 6.000000000000000000e+00 6.076949999999999713e-02 2.480904448734000053e-02 2.763213472800000255e-13
8.100000000000000000e+03 3.822740276551499963e+08 5.523846791267534718e+04 9.570501848806998169e-01 1.100000000000000000e+01 1.114107500000000028e-01 3.359160503291999667e-02 5.065891366800000383e-13
8.200000000000000000e+03 3.822741276551499963e+08 5.523846907008275593e+04 9.578474346885741397e-01 9.000000000000000000e+00 9.115425000000000610e-02 3.038474999999999857e-02 4.144820209200000635e-13
8.300000000000000000e+03 3.822742276551499963e+08 5.523847022749016469e+04 9.586446844969032099e-01 6.000000000000000000e+00 6.076949999999999713e-02 2.480904448734000053e-02 2.763213472800000255e-13
8.400000000000000000e+03 3.822743276551499963e+08 5.523847138489756617e+04 9.594419342997753120e-01 8.000000000000000000e+00 8.102600000000000080e-02 2.864701702620999976e-02 3.684284630400000508e-13
8.500000000000000000e+03 3.822744276551499963e+08 5.523847254230497492e+04 9.602391841076496348e-01 1.000000000000000000e+01 1.012824999999999975e-01 3.202833871159999762e-02 4.605355788000000256e-13
8.600000000000000000e+03 3.822745276551499963e+08 5.523847369971238368e+04 9.610364339155239577e-01 9.000000000000000000e+00 9.115425000000000610e-02 3.038474999999999857e-02 4.144820209200000635e-13
8.700000000000000000e+03 3.822746276551499963e+08 5.523847485711979243e+04 9.618336837238530279e-01 6.000000000000000000e+00 6.076949999999999713e-02 2.480904448734000053e-02 2.763213472800000255e-13
8.800000000000000000e+03 3.822747276551499963e+08 5.523847601452720119e+04 9.626309335317273508e-01 1.300000000000000000e+01 1.316672500000000134e-01 3.651792470571999655e-02 5.986962524400000636e-13
8.900000000000000000e+03 3.822748276551499963e+08 5.523847717193460267e+04 9.634281833345994528e-01 5.000000000000000000e+00 5.064124999999999877e-02 2.264745549311000111e-02 2.302677894000000128e-13
9.000000000000000000e+03 3.822749276551499963e+08 5.523847832934201142e+04 9.642254331424737757e-01 4.000000000000000000e+00 4.051300000000000040e-02 2.025650000000000020e-02 1.842142315200000254e-13
9.100000000000000000e+03 3.822750276551499963e+08 5.523847948674942018e+04 9.650226829508028459e-01 1.100000000000000000e+01 1.114107500000000028e-01 3.359160503291999667e-02 5.065891366800000383e-13
9.200000000000000000e+03 3.822751276551499963e+08 5.523848064415682893e+04 9.658199327586771687e-01 5.000000000000000000e+00 5.064124999999999877e-02 2.264745549311000111e-02 2.302677894000000128e-13
9.300000000000000000e+03 3.822752276551499963e+08 5.523848180156423768e+04 9.666171825665514916e-01 1.200000000000000000e+01 1.215389999999999943e-01 3.508528718351999753e-02 5.526426945600000509e-13
9.400000000000000000e+03 3.822753276551499963e+08 5.523848295897164644e+04 9.674144323744258145e-01 7.000000000000000000e+00 7.089774999999999550e-02 2.679683071629000018e-02 3.223749051599999876e-13
9.500000000000000000e+03 3.822754276551499963e+08 5.523848411637904792e+04 9.682116821777526638e-01 1.000000000000000000e+01 1.012824999999999975e-01 3.202833871159999762e-02 4.605355788000000256e-13
9.600000000000000000e+03 3.822755276551499963e+08 5.523848527378645667e+04 9.690089319856269867e-01 8.000000000000000000e+00 8.102600000000000080e-02 2.864701702620999976e-02 3.684284630400000508e-13
9.700000000000000000e+03 3.822756276551499963e+08 5.523848643119386543e+04 9.698061817935013096e-01 1.000000000000000000e+01 1.012824999999999975e-01 3.202833871159999762e-02 4.605355788000000256e-13
9.800000000000000000e+03 3.822757276551499963e+08 5.523848758860127418e+04 9.706034316013756325e-01 6.000000000000000000e+00 6.076949999999999713e-02 2.480904448734000053e-02 2.763213472800000255e-13
9.900000000000000000e+03 3.822758276551499963e+08 5.523848874600868294e+04 9.714006814097047027e-01 1.000000000000000000e+01 1.012824999999999975e-01 3.202833871159999762e-02 4.605355788000000256e-13
1.000000000000000000e+04 3.822759276551499963e+08 5.523848990341609169e+04 9.721979312175790255e-01 1.000000000000000000e+01 1.012824999999999975e-01 3.202833871159999762e-02 4.605355788000000256e-13
1.010000000000000000e+04 3.822760276551499963e+08 5.523849106082349317e+04 9.729951810204511276e-01 1.000000000000000000e+01 1.012824999999999975e-01 3.202833871159999762e-02 4.605355788000000256e-13
1.020000000000000000e+04 3.822761276551499963e+08 5.523849221823090193e+04 9.737924308287801978e-01 7.000000000000000000e+00 7.089774999999999550e-02 2.679683071629000018e-02 3.223749051599999876e-13
1.030000000000000000e+04 3.822762276551499963e+08 5.523849337563831068e+04 9.745896806366545206e-01 7.000000000000000000e+00 7.089774999999999550e-02 2.679683071629000018e-02 3.223749051599999876e-13
1.040000000000000000e+04 3.822763276551499963e+08 5.523849453304571944e+04 9.753869304445288435e-01 1.100000000000000000e+01 1.114107500000000028e-01 3.359160503291999667e-02 5.065891366800000383e-13
1.050000000000000000e+04 3.822764276551499963e+08 5.523849569045312819e+04 9.761841802524031664e-01 7.000000000000000000e+00 7.089774999999999550e-02 2.679683071629000018e-02 3.223749051599999876e-13
1.060000000000000000e+04 3.822765276551499963e+08 5.523849684786052967e+04 9.769814300557300157e-01 1.000000000000000000e+01 1.012824999999999975e-01 3.202833871159999762e-02 4.605355788000000256e-13
1.070000000000000000e+04 3.822766276551499963e+08 5.523849800526793842e+04 9.777786798636043386e-01 1.000000000000000000e+01 1.012824999999999975e-01 3.202833871159999762e-02 4.605355788000000256e-13
1.080000000000000000e+04 3.822767276551499963e+08 5.523849916267534718e+04 9.785759296714786615e-01 8.000000000000000000e+00 8.102600000000000080e-02 2.864701702620999976e-02 3.684284630400000508e-13
1.090000000000000000e+04 3.822768276551499963e+08 5.523850032008275593e+04 9.793731794793529843e-01 4.000000000000000000e+00 4.051300000000000040e-02 2.025650000000000020e-02 1.842142315200000254e-13
1.100000000000000000e+04 3.822769276551499963e+08 5.523850147749016469e+04 9.801704292876820546e-01 1.100000000000000000e+01 1.114107500000000028e-01 3.359160503291999667e-02 5.065891366800000383e-13
1.110000000000000000e+04 3.822770276551499963e+08 5.523850263489756617e+04 9.809676790905541566e-01 9.000000000000000000e+00 9.115425000000000610e-02 3.038474999999999857e-02 4.144820209200000635e-13
1.120000000000000000e+04 3.822771276551499963e+08 5.523850379230497492e+04 9.817649288984284794e-01 1.400000000000000000e+01 1.417954999999999910e-01 3.789644142759000106e-02 6.447498103199999753e-13
1.130000000000000000e+04 3.822772276551499963e+08 5.523850494971238368e+04 9.825621787063028023e-01 1.200000000000000000e+01 1.215389999999999943e-01 3.508528718351999753e-02 5.526426945600000509e-13
1.140000000000000000e+04 3.822773276551499963e+08 5.523850610711979243e+04 9.833594285146318725e-01 8.000000000000000000e+00 8.102600000000000080e-02 2.864701702620999976e-02 3.684284630400000508e-13
1.150000000000000000e+04 3.822774276551499963e+08 5.523850726452720119e+04 9.841566783225061954e-01 8.000000000000000000e+00 8.102600000000000080e-02 2.864701702620999976e-02 3.684284630400000508e-13
1.160000000000000000e+04 3.822775276551499963e+08 5.523850842193460267e+04 9.849539281253782974e-01 1.200000000000000000e+01 1.215389999999999943e-01 3.508528718351999753e-02 5.526426945600000509e-13
1.170000000000000000e+04 3.822776276551499963e+08 5.523850957934201142e+04 9.857511779332526203e-01 7.000000000000000000e+00 7.089774999999999550e-02 2.679683071629000018e-02 3.223749051599999876e-13
1.180000000000000000e+04 3.822777276551499963e+08 5.523851073674942018e+04 9.865484277415816905e-01 9.000000000000000000e+00 9.115425000000000610e-02 3.038474999999999857e-02 4.144820209200000635e-13
1.190000000000000000e+04 3.822778276551499963e+08 5.523851189415682893e+04 9.873456775494560134e-01 1.800000000000000000e+01 1.823085000000000122e-01 4.297052553932000085e-02 8.289640418400001269e-13
1.200000000000000000e+04 3.822779276551499963e+08 5.523851305156423768e+04 9.881429273573303362e-01 9.000000000000000000e+00 9.115425000000000610e-02 3.038474999999999857e-02 4.144820209200000635e-13
1.210000000000000000e+04 3.822780276551499963e+08 5.523851420897164644e+04 9.889401771652046591e-01 7.000000000000000000e+00 7.089774999999999550e-02 2.679683071629000018e-02 3.223749051599999876e-13
1.220000000000000000e+04 3.822781276551499963e+08 5.523851536637904792e+04 9.897374269685315085e-01 1.000000000000000000e+01 1.012824999999999975e-01 3.202833871159999762e-02 4.605355788000000256e-13
1.230000000000000000e+04 3.822782276551499963e+08 5.523851652378645667e+04 9.905346767764058313e-01 1.100000000000000000e+01 1.114107500000000028e-01 3.359160503291999667e-02 5.065891366800000383e-13
1.240000000000000000e+04 3.822783276551499963e+08 5.523851768119386543e+04 9.913319265842801542e-01 6.000000000000000000e+00 6.076949999999999713e-02 2.480904448734000053e-02 2.763213472800000255e-13
1.250000000000000000e+04 3.822784276551499963e+08 5.523851883860127418e+04 9.921291763921544771e-01 1.400000000000000000e+01 1.417954999999999910e-01 3.789644142759000106e-02 6.447498103199999753e-13
1.260000000000000000e+04 3.822785276551499963e+08 5.523851999600868294e+04 9.929264262004835473e-01 1.000000000000000000e+01 1.012824999999999975e-01 3.202833871159999762e-02 4.605355788000000256e-13
1.270000000000000000e+04 3.822786276551499963e+08 5.523852115341609169e+04 9.937236760083578702e-01 1.000000000000000000e+01 1.012824999999999975e-01 3.202833871159999762e-02 4.605355788000000256e-13
1.280000000000000000e+04 3.822787276551499963e+08 5.523852231082349317e+04 9.945209258112299722e-01 8.000000000000000000e+00 8.102600000000000080e-02 2.864701702620999976e-02 3.684284630400000508e-13
1.290000000000000000e+04 3.822788276551499963e+08 5.523852346823090193e+04 9.953181756191042950e-01 1.000000000000000000e+01 1.012824999999999975e-01 3.202833871159999762e-02 4.605355788000000256e-13
1.300000000000000000e+04 3.822789276551499963e+08 5.523852462563831068e+04 9.961154254274333653e-01 6.000000000000000000e+00 6.076949999999999713e-02 2.480904448734000053e-02 2.763213472800000255e-13
1.310000000000000000e+04 3.822790276551499963e+08 5.523852578304571944e+04 9.969126752353076881e-01 7.000000000000000000e+00 7.089774999999999550e-02 2.679683071629000018e-02 3.223749051599999876e-13
1.320000000000000000e+04 3.822791276551499963e+08 5.523852694045312819e+04 9.977099250431820110e-01 1.000000000000000000e+01 1.012824999999999975e-01 3.202833871159999762e-02 4.605355788000000256e-13
1.330000000000000000e+04 3.822792276551499963e+08 5.523852809786052967e+04 9.985071748465088604e-01 9.000000000000000000e+00 9.115425000000000610e-02 3.038474999999999857e-02 4.144820209200000635e-13
1.340000000000000000e+04 3.822793276551499963e+08 5.523852925526793842e+04 9.993044246543831832e-01 9.000000000000000000e+00 9.115425000000000610e-02 3.038474999999999857e-02 4.144820209200000635e-13
1.350000000000000000e+04 3.822794276551499963e+08 5.523853041267534718e+04 1.016744622575060930e-04 7.000000000000000000e+00 7.089774999999999550e-02 2.679683071629000018e-02 3.223749051599999876e-13
1.360000000000000000e+04 3.822795276551499963e+08 5.523853157008275593e+04 8.989242701318289619e-04 1.200000000000000000e+01 1.215389999999999943e-01 3.508528718351999753e-02 5.526426945600000509e-13
1.370000000000000000e+04 3.822796276551499963e+08 5.523853272749016469e+04 1.696174078460899182e-03 1.100000000000000000e+01 1.114107500000000028e-01 3.359160503291999667e-02 5.065891366800000383e-13
1.380000000000000000e+04 3.822797276551499963e+08 5.523853388489756617e+04 2.493423881333001191e-03 1.100000000000000000e+01 1.114107500000000028e-01 3.359160503291999667e-02 5.065891366800000383e-13
1.390000000000000000e+04 3.822798276551499963e+08 5.523853504230497492e+04 3.290673689207324060e-03 1.200000000000000000e+01 1.215389999999999943e-01 3.508528718351999753e-02 5.526426945600000509e-13
1.400000000000000000e+04 3.822799276551499963e+08 5.523853619971238368e+04 4.087923497081646929e-03 6.000000000000000000e+00 6.076949999999999713e-02 2.480904448734000053e-02 2.763213472800000255e-13
1.410000000000000000e+04 3.822800276551499963e+08 5.523853735711979243e+04 4.885173305410717148e-03 1.100000000000000000e+01 1.114107500000000028e-01 3.359160503291999667e-02 5.065891366800000383e-13
1.420000000000000000e+04 3.822801276551499963e+08 5.523853851452720119e+04 5.682423113285040017e-03 9.000000000000000000e+00 9.115425000000000610e-02 3.038474999999999857e-02 4.144820209200000635e-13
1.430000000000000000e+04 3.822802276551499963e+08 5.523853967193460267e+04 6.479672916157142026e-03 8.000000000000000000e+00 8.102600000000000080e-02 2.864701702620999976e-02 3.684284630400000508e-13
1.440000000000000000e+04 3.822803276551499963e+08 5.523854082934201142e+04 7.276922724031464895e-03 1.000000000000000000e+01 1.012824999999999975e-01 3.202833871159999762e-02 4.605355788000000256e-13
1.450000000000000000e+04 3.822804276551499963e+08 5.523854198674942018e+04 8.074172532360535115e-03 1.200000000000000000e+01 1.215389999999999943e-01 3.508528718351999753e-02 5.526426945600000509e-13
1.460000000000000000e+04 3.822805276551499963e+08 5.523854314415682893e+04 8.871422340234857984e-03 5.000000000000000000e+00 5.064124999999999877e-02 2.264745549311000111e-02 2.302677894000000128e-13
1.470000000000000000e+04 3.822806276551499963e+08 5.523854430156423768e+04 9.668672148109180853e-03 7.000000000000000000e+00 7.089774999999999550e-02 2.679683071629000018e-02 3.223749051599999876e-13
1.480000000000000000e+04 3.822807276551499963e+08 5.523854545897164644e+04 1.046592195598350372e-02 1.800000000000000000e+01 1.823085000000000122e-01 4.297052553932000085e-02 8.289640418400001269e-13
1.490000000000000000e+04 3.822808276551499963e+08 5.523854661637904792e+04 1.126317175931035308e-02 9.000000000000000000e+00 9.115425000000000610e-02 3.038474999999999857e-02 4.144820209200000635e-13
1.500000000000000000e+04 3.822809276551499963e+08 5.523854777378645667e+04 1.206042156718467595e-02 1.000000000000000000e+01 1.012824999999999975e-01 3.202833871159999762e-02 4.605355788000000256e-13
1.510000000000000000e+04 3.822810276551499963e+08 5.523854893119386543e+04 1.285767137505899882e-02 8.000000000000000000e+00 8.102600000000000080e-02 2.864701702620999976e-02 3.684284630400000508e-13
1.520000000000000000e+04 3.822811276551499963e+08 5.523855008860127418e+04 1.365492118293332169e-02 9.000000000000000000e+00 9.115425000000000610e-02 3.038474999999999857e-02 4.144820209200000635e-13
1.530000000000000000e+04 3.822812276551499963e+08 5.523855124600868294e+04 1.445217099126239191e-02 7.000000000000000000e+00 7.089774999999999550e-02 2.679683071629000018e-02 3.223749051599999876e-13
1.540000000000000000e+04 3.822813276551499963e+08 5.523855240341609169e+04 1.524942079913671478e-02 8.000000000000000000e+00 8.102600000000000080e-02 2.864701702620999976e-02 3.684284630400000508e-13
1.550000000000000000e+04 3.822814276551499963e+08 5.523855356082349317e+04 1.604667060200881679e-02 7.000000000000000000e+00 7.089774999999999550e-02 2.679683071629000018e-02 3.223749051599999876e-13
1.560000000000000000e+04 3.822815276551499963e+08 5.523855471823090193e+04 1.684392040988313965e-02 8.000000000000000000e+00 8.102600000000000080e-02 2.864701702620999976e-02 3.684284630400000508e-13
1.570000000000000000e+04 3.822816276551499963e+08 5.523855587563831068e+04 1.764117021821220987e-02 1.300000000000000000e+01 1.316672500000000134e-01 3.651792470571999655e-02 5.986962524400000636e-13
1.580000000000000000e+04 3.822817276551499963e+08 5.523855703304571944e+04 1.843842002608653274e-02 5.000000000000000000e+00 5.064124999999999877e-02 2.264745549311000111e-02 2.302677894000000128e-13
1.590000000000000000e+04 3.822818276551499963e+08 5.523855819045312819e+04 1.923566983396085561e-02 1.400000000000000000e+01 1.417954999999999910e-01 3.789644142759000106e-02 6.447498103199999753e-13
1.600000000000000000e+04 3.822819276551499963e+08 5.523855934786052967e+04 2.003291963728770497e-02 5.000000000000000000e+00 5.064124999999999877e-02 2.264745549311000111e-02 2.302677894000000128e-13
1.610000000000000000e+04 3.822820276551499963e+08 5.523856050526793842e+04 2.083016944516202784e-02 7.000000000000000000e+00 7.089774999999999550e-02 2.679683071629000018e-02 3.223749051599999876e-13
1.620000000000000000e+04 3.822821276551499963e+08 5.523856166267534718e+04 2.162741925303635071e-02 1.300000000000000000e+01 1.316672500000000134e-01 3.651792470571999655e-02 5.986962524400000636e-13
1.630000000000000000e+04 3.822822276551499963e+08 5.523856282008275593e+04 2.242466906091067358e-02 9.000000000000000000e+00 9.115425000000000610e-02 3.038474999999999857e-02 4.144820209200000635e-13
1.640000000000000000e+04 3.822823276551499963e+08 5.523856397749016469e+04 2.322191886923974380e-02 1.100000000000000000e+01 1.114107500000000028e-01 3.359160503291999667e-02 5.065891366800000383e-13
1.650000000000000000e+04 3.822824276551499963e+08 5.523856513489756617e+04 2.401916867211184581e-02 8.000000000000000000e+00 8.102600000000000080e-02 2.864701702620999976e-02 3.684284630400000508e-13
1.660000000000000000e+04 3.822825276551499963e+08 5.523856629230497492e+04 2.481641847998616868e-02 1.100000000000000000e+01 1.114107500000000028e-01 3.359160503291999667e-02 5.065891366800000383e-13
1.670000000000000000e+04 3.822826276551499963e+08 5.523856744971238368e+04 2.561366828786049155e-02 7.000000000000000000e+00 7.089774999999999550e-02 2.679683071629000018e-02 3.223749051599999876e-13
1.680000000000000000e+04 3.822827276551499963e+08 5.523856860711979243e+04 2.641091809618956177e-02 4.000000000000000000e+00 4.051300000000000040e-02 2.025650000000000020e-02 1.842142315200000254e-13
1.690000000000000000e+04 3.822828276551499963e+08 5.523856976452720119e+04 2.720816790406388463e-02 1.200000000000000000e+01 1.215389999999999943e-01 3.508528718351999753e-02 5.526426945600000509e-13
1.700000000000000000e+04 3.822829276551499963e+08 5.523857092193460267e+04 2.800541770693598664e-02 8.000000000000000000e+00 8.102600000000000080e-02 2.864701702620999976e-02 3.684284630400000508e-13
1.710000000000000000e+04 3.822830276551499963e+08 5.523857207934201142e+04 2.880266751481030951e-02 9.000000000000000000e+00 9.115425000000000610e-02 3.038474999999999857e-02 4.144820209200000635e-13
1.720000000000000000e+04 3.822831276551499963e+08 5.523857323674942018e+04 2.959991732313937973e-02 3.000000000000000000e+00 1.684324444509900098e-01 9.724451714404000469e-02 7.658690622164296331e-13
1.730000000000000000e+04 3.822832276551499963e+08 5.523857439415682893e+04 3.039716713101370260e-02 0.000000000000000000e+00 0.000000000000000000e+00 0.000000000000000000e+00 0.000000000000000000e+00
1.740000000000000000e+04 3.822833276551499963e+08 5.523857555156423768e+04 3.119441693888802547e-02 0.000000000000000000e+00 0.000000000000000000e+00 0.000000000000000000e+00 0.000000000000000000e+00
1.750000000000000000e+04 3.822834276551499963e+08 5.523857670897164644e+04 3.199166674676234834e-02 0.000000000000000000e+00 0.000000000000000000e+00 0.000000000000000000e+00 0.000000000000000000e+00
1.760000000000000000e+04 3.822835276551499963e+08 5.523857786637904792e+04 3.278891655008919770e-02 0.000000000000000000e+00 0.000000000000000000e+00 0.000000000000000000e+00 0.000000000000000000e+00
1.770000000000000000e+04 3.822836276551499963e+08 5.523857902378645667e+04 3.358616635796352057e-02 0.000000000000000000e+00 0.000000000000000000e+00 0.000000000000000000e+00 0.000000000000000000e+00
1.780000000000000000e+04 3.822837276551499963e+08 5.523858018119386543e+04 3.438341616583784344e-02 0.000000000000000000e+00 0.000000000000000000e+00 0.000000000000000000e+00 0.000000000000000000e+00
