# Columns: dt, t_raw, mjd, phase, counts, rate, rate_err, flux_t
# 
0.000000000000000000e+00 3.908552558914200068e+08 5.533778768392847269e+04 3.708757423978568113e-01 0.000000000000000000e+00 0.000000000000000000e+00 0.000000000000000000e+00 0.000000000000000000e+00
1.000000000000000000e+02 3.908553558914200068e+08 5.533778884133588144e+04 3.716729922057311342e-01 0.000000000000000000e+00 0.000000000000000000e+00 0.000000000000000000e+00 0.000000000000000000e+00
2.000000000000000000e+02 3.908554558914200068e+08 5.533778999874329020e+04 3.724702420140602044e-01 0.000000000000000000e+00 0.000000000000000000e+00 0.000000000000000000e+00 0.000000000000000000e+00
3.000000000000000000e+02 3.908555558914200068e+08 5.533779115615069168e+04 3.732674918169323064e-01 0.000000000000000000e+00 0.000000000000000000e+00 0.000000000000000000e+00 0.000000000000000000e+00
4.000000000000000000e+02 3.908556558914200068e+08 5.533779231355810043e+04 3.740647416248066293e-01 0.000000000000000000e+00 0.000000000000000000e+00 0.000000000000000000e+00 0.000000000000000000e+00
5.000000000000000000e+02 3.908557558914200068e+08 5.533779347096550919e+04 3.748619914326809521e-01 0.000000000000000000e+00 0.000000000000000000e+00 0.000000000000000000e+00 0.000000000000000000e+00
6.000000000000000000e+02 3.908558558914200068e+08 5.533779462837291794e+04 3.756592412410100223e-01 0.000000000000000000e+00 0.000000000000000000e+00 0.000000000000000000e+00 0.000000000000000000e+00
7.000000000000000000e+02 3.908559558914200068e+08 5.533779578578032670e+04 3.764564910488843452e-01 0.000000000000000000e+00 0.000000000000000000e+00 0.000000000000000000e+00 0.000000000000000000e+00
8.000000000000000000e+02 3.908560558914200068e+08 5.533779694318772817e+04 3.772537408517564472e-01 0.000000000000000000e+00 0.000000000000000000e+00 0.000000000000000000e+00 0.000000000000000000e+00
9.000000000000000000e+02 3.908561558914200068e+08 5.533779810059513693e+04 3.780509906596307701e-01 0.000000000000000000e+00 0.000000000000000000e+00 0.000000000000000000e+00 0.000000000000000000e+00
1.000000000000000000e+03 3.908562558914200068e+08 5.533779925800254568e+04 3.788482404679598403e-01 0.000000000000000000e+00 0.000000000000000000e+00 0.000000000000000000e+00 0.000000000000000000e+00
1.100000000000000000e+03 3.908563558914200068e+08 5.533780041540995444e+04 3.796454902758341632e-01 0.000000000000000000e+00 0.000000000000000000e+00 0.000000000000000000e+00 0.000000000000000000e+00
1.200000000000000000e+03 3.908564558914200068e+08 5.533780157281736319e+04 3.804427400837084861e-01 0.000000000000000000e+00 0.000000000000000000e+00 0.000000000000000000e+00 0.000000000000000000e+00
1.300000000000000000e+03 3.908565558914200068e+08 5.533780273022476467e+04 3.812399898865805881e-01 2.000000000000000000e+00 5.027472063071000002e-02 3.554959588023000328e-02 2.623329895038384321e-13
1.400000000000000000e+03 3.908566558914200068e+08 5.533780388763217343e+04 3.820372396949096583e-01 3.000000000000000000e+00 3.038474999999999857e-02 1.754264359175999877e-02 1.585473216524999867e-13
1.500000000000000000e+03 3.908567558914200068e+08 5.533780504503958218e+04 3.828344895027839812e-01 8.000000000000000000e+00 8.102600000000000080e-02 2.864701702620999976e-02 4.227928577399999646e-13
1.600000000000000000e+03 3.908568558914200068e+08 5.533780620244699094e+04 3.836317393106583040e-01 2.000000000000000000e+00 2.025650000000000020e-02 1.432350851310999935e-02 1.056982144349999911e-13
1.700000000000000000e+03 3.908569558914200068e+08 5.533780735985439969e+04 3.844289891185326269e-01 2.000000000000000000e+00 2.025650000000000020e-02 1.432350851310999935e-02 1.056982144349999911e-13
1.800000000000000000e+03 3.908570558914200068e+08 5.533780851726180845e+04 3.852262389268616971e-01 4.000000000000000000e+00 4.051300000000000040e-02 2.025650000000000020e-02 2.113964288699999823e-13
1.900000000000000000e+03 3.908571558914200068e+08 5.533780967466920993e+04 3.860234887297337991e-01 3.000000000000000000e+00 3.038474999999999857e-02 1.754264359175999877e-02 1.585473216524999867e-13
2.000000000000000000e+03 3.908572558914200068e+08 5.533781083207661868e+04 3.868207385376081220e-01 4.000000000000000000e+00 4.051300000000000040e-02 2.025650000000000020e-02 2.113964288699999823e-13
2.100000000000000000e+03 3.908573558914200068e+08 5.533781198948402744e+04 3.876179883454824449e-01 3.000000000000000000e+00 3.038474999999999857e-02 1.754264359175999877e-02 1.585473216524999867e-13
2.200000000000000000e+03 3.908574558914200068e+08 5.533781314689143619e+04 3.884152381538115151e-01 2.000000000000000000e+00 2.025650000000000020e-02 1.432350851310999935e-02 1.056982144349999911e-13
2.300000000000000000e+03 3.908575558914200068e+08 5.533781430429884495e+04 3.892124879616858379e-01 0.000000000000000000e+00 0.000000000000000000e+00 0.000000000000000000e+00 0.000000000000000000e+00
2.400000000000000000e+03 3.908576558914200068e+08 5.533781546170625370e+04 3.900097377695601608e-01 3.000000000000000000e+00 3.038474999999999857e-02 1.754264359175999877e-02 1.585473216524999867e-13
2.500000000000000000e+03 3.908577558914200068e+08 5.533781661911365518e+04 3.908069875728870102e-01 2.000000000000000000e+00 2.025650000000000020e-02 1.432350851310999935e-02 1.056982144349999911e-13
2.600000000000000000e+03 3.908578558914200068e+08 5.533781777652106393e+04 3.916042373807613330e-01 0.000000000000000000e+00 0.000000000000000000e+00 0.000000000000000000e+00 0.000000000000000000e+00
2.700000000000000000e+03 3.908579558914200068e+08 5.533781893392847269e+04 3.924014871886356559e-01 1.000000000000000000e+00 1.012825000000000010e-02 1.012825000000000010e-02 5.284910721749999557e-14
2.800000000000000000e+03 3.908580558914200068e+08 5.533782009133588144e+04 3.931987369965099788e-01 1.000000000000000000e+00 1.012825000000000010e-02 1.012825000000000010e-02 5.284910721749999557e-14
2.900000000000000000e+03 3.908581558914200068e+08 5.533782124874329020e+04 3.939959868048390490e-01 0.000000000000000000e+00 0.000000000000000000e+00 0.000000000000000000e+00 0.000000000000000000e+00
3.000000000000000000e+03 3.908582558914200068e+08 5.533782240615069168e+04 3.947932366077111510e-01 2.000000000000000000e+00 2.025650000000000020e-02 1.432350851310999935e-02 1.056982144349999911e-13
3.100000000000000000e+03 3.908583558914200068e+08 5.533782356355810043e+04 3.955904864155854739e-01 3.000000000000000000e+00 3.038474999999999857e-02 1.754264359175999877e-02 1.585473216524999867e-13
3.200000000000000000e+03 3.908584558914200068e+08 5.533782472096550919e+04 3.963877362234597967e-01 1.000000000000000000e+00 1.012825000000000010e-02 1.012825000000000010e-02 5.284910721749999557e-14
3.300000000000000000e+03 3.908585558914200068e+08 5.533782587837291794e+04 3.971849860317888670e-01 2.000000000000000000e+00 2.025650000000000020e-02 1.432350851310999935e-02 1.056982144349999911e-13
3.400000000000000000e+03 3.908586558914200068e+08 5.533782703578032670e+04 3.979822358396631898e-01 1.000000000000000000e+00 1.012825000000000010e-02 1.012825000000000010e-02 5.284910721749999557e-14
3.500000000000000000e+03 3.908587558914200068e+08 5.533782819318772817e+04 3.987794856425352918e-01 3.000000000000000000e+00 3.038474999999999857e-02 1.754264359175999877e-02 1.585473216524999867e-13
3.600000000000000000e+03 3.908588558914200068e+08 5.533782935059513693e+04 3.995767354504096147e-01 5.000000000000000000e+00 5.064124999999999877e-02 2.264745549311000111e-02 2.642455360874999526e-13
3.700000000000000000e+03 3.908589558914200068e+08 5.533783050800254568e+04 4.003739852587386849e-01 0.000000000000000000e+00 0.000000000000000000e+00 0.000000000000000000e+00 0.000000000000000000e+00
3.800000000000000000e+03 3.908590558914200068e+08 5.533783166540995444e+04 4.011712350666130078e-01 1.000000000000000000e+00 1.012825000000000010e-02 1.012825000000000010e-02 5.284910721749999557e-14
3.900000000000000000e+03 3.908591558914200068e+08 5.533783282281736319e+04 4.019684848744873307e-01 1.000000000000000000e+00 1.012825000000000010e-02 1.012825000000000010e-02 5.284910721749999557e-14
4.000000000000000000e+03 3.908592558914200068e+08 5.533783398022476467e+04 4.027657346773594327e-01 1.000000000000000000e+00 1.012825000000000010e-02 1.012825000000000010e-02 5.284910721749999557e-14
4.100000000000000000e+03 3.908593558914200068e+08 5.533783513763217343e+04 4.035629844856885029e-01 3.000000000000000000e+00 3.038474999999999857e-02 1.754264359175999877e-02 1.585473216524999867e-13
4.200000000000000000e+03 3.908594558914200068e+08 5.533783629503958218e+04 4.043602342935628258e-01 5.000000000000000000e+00 5.064124999999999877e-02 2.264745549311000111e-02 2.642455360874999526e-13
4.300000000000000000e+03 3.908595558914200068e+08 5.533783745244699094e+04 4.051574841014371486e-01 3.000000000000000000e+00 3.038474999999999857e-02 1.754264359175999877e-02 1.585473216524999867e-13
4.400000000000000000e+03 3.908596558914200068e+08 5.533783860985439969e+04 4.059547339093114715e-01 5.000000000000000000e+00 5.064124999999999877e-02 2.264745549311000111e-02 2.642455360874999526e-13
4.500000000000000000e+03 3.908597558914200068e+08 5.533783976726180845e+04 4.067519837176405417e-01 1.000000000000000000e+00 1.012825000000000010e-02 1.012825000000000010e-02 5.284910721749999557e-14
4.600000000000000000e+03 3.908598558914200068e+08 5.533784092466920993e+04 4.075492335205126437e-01 0.000000000000000000e+00 0.000000000000000000e+00 0.000000000000000000e+00 0.000000000000000000e+00
4.700000000000000000e+03 3.908599558914200068e+08 5.533784208207661868e+04 4.083464833283869666e-01 1.000000000000000000e+00 1.012825000000000010e-02 1.012825000000000010e-02 5.284910721749999557e-14
4.800000000000000000e+03 3.908600558914200068e+08 5.533784323948402744e+04 4.091437331362612895e-01 2.000000000000000000e+00 2.025650000000000020e-02 1.432350851310999935e-02 1.056982144349999911e-13
4.900000000000000000e+03 3.908601558914200068e+08 5.533784439689143619e+04 4.099409829445903597e-01 2.000000000000000000e+00 2.025650000000000020e-02 1.432350851310999935e-02 1.056982144349999911e-13
5.000000000000000000e+03 3.908602558914200068e+08 5.533784555429884495e+04 4.107382327524646826e-01 2.000000000000000000e+00 2.025650000000000020e-02 1.432350851310999935e-02 1.056982144349999911e-13
5.100000000000000000e+03 3.908603558914200068e+08 5.533784671170625370e+04 4.115354825603390054e-01 1.000000000000000000e+00 1.012825000000000010e-02 1.012825000000000010e-02 5.284910721749999557e-14
5.200000000000000000e+03 3.908604558914200068e+08 5.533784786911365518e+04 4.123327323632111074e-01 2.000000000000000000e+00 2.025650000000000020e-02 1.432350851310999935e-02 1.056982144349999911e-13
5.300000000000000000e+03 3.908605558914200068e+08 5.533784902652106393e+04 4.131299821715401777e-01 0.000000000000000000e+00 0.000000000000000000e+00 0.000000000000000000e+00 0.000000000000000000e+00
5.400000000000000000e+03 3.908606558914200068e+08 5.533785018392847269e+04 4.139272319794145005e-01 1.000000000000000000e+00 1.012825000000000010e-02 1.012825000000000010e-02 5.284910721749999557e-14
5.500000000000000000e+03 3.908607558914200068e+08 5.533785134133588144e+04 4.147244817872888234e-01 0.000000000000000000e+00 0.000000000000000000e+00 0.000000000000000000e+00 0.000000000000000000e+00
5.600000000000000000e+03 3.908608558914200068e+08 5.533785249874329020e+04 4.155217315956178936e-01 1.000000000000000000e+00 1.012825000000000010e-02 1.012825000000000010e-02 5.284910721749999557e-14
5.700000000000000000e+03 3.908609558914200068e+08 5.533785365615069168e+04 4.163189813984899956e-01 0.000000000000000000e+00 0.000000000000000000e+00 0.000000000000000000e+00 0.000000000000000000e+00
5.800000000000000000e+03 3.908610558914200068e+08 5.533785481355810043e+04 4.171162312063643185e-01 0.000000000000000000e+00 0.000000000000000000e+00 0.000000000000000000e+00 0.000000000000000000e+00
5.900000000000000000e+03 3.908611558914200068e+08 5.533785597096550919e+04 4.179134810142386414e-01 2.000000000000000000e+00 2.025650000000000020e-02 1.432350851310999935e-02 1.056982144349999911e-13
6.000000000000000000e+03 3.908612558914200068e+08 5.533785712837291794e+04 4.187107308225677116e-01 2.000000000000000000e+00 2.025650000000000020e-02 1.432350851310999935e-02 1.056982144349999911e-13
6.100000000000000000e+03 3.908613558914200068e+08 5.533785828578032670e+04 4.195079806304420345e-01 2.000000000000000000e+00 2.025650000000000020e-02 1.432350851310999935e-02 1.056982144349999911e-13
6.200000000000000000e+03 3.908614558914200068e+08 5.533785944318772817e+04 4.203052304333141365e-01 4.000000000000000000e+00 4.051300000000000040e-02 2.025650000000000020e-02 2.113964288699999823e-13
6.300000000000000000e+03 3.908615558914200068e+08 5.533786060059513693e+04 4.211024802411884593e-01 4.000000000000000000e+00 4.051300000000000040e-02 2.025650000000000020e-02 2.113964288699999823e-13
6.400000000000000000e+03 3.908616558914200068e+08 5.533786175800254568e+04 4.218997300495175296e-01 0.000000000000000000e+00 0.000000000000000000e+00 0.000000000000000000e+00 0.000000000000000000e+00
6.500000000000000000e+03 3.908617558914200068e+08 5.533786291540995444e+04 4.226969798573918524e-01 2.000000000000000000e+00 2.025650000000000020e-02 1.432350851310999935e-02 1.056982144349999911e-13
6.600000000000000000e+03 3.908618558914200068e+08 5.533786407281736319e+04 4.234942296652661753e-01 1.000000000000000000e+00 1.012825000000000010e-02 1.012825000000000010e-02 5.284910721749999557e-14
6.700000000000000000e+03 3.908619558914200068e+08 5.533786523022476467e+04 4.242914794681382773e-01 2.000000000000000000e+00 2.025650000000000020e-02 1.432350851310999935e-02 1.056982144349999911e-13
6.800000000000000000e+03 3.908620558914200068e+08 5.533786638763217343e+04 4.250887292764673475e-01 1.000000000000000000e+00 1.012825000000000010e-02 1.012825000000000010e-02 5.284910721749999557e-14
6.900000000000000000e+03 3.908621558914200068e+08 5.533786754503958218e+04 4.258859790843416704e-01 0.000000000000000000e+00 0.000000000000000000e+00 0.000000000000000000e+00 0.000000000000000000e+00
7.000000000000000000e+03 3.908622558914200068e+08 5.533786870244699094e+04 4.266832288922159933e-01 1.000000000000000000e+00 1.012825000000000010e-02 1.012825000000000010e-02 5.284910721749999557e-14
7.100000000000000000e+03 3.908623558914200068e+08 5.533786985985439969e+04 4.274804787000903161e-01 1.000000000000000000e+00 1.012825000000000010e-02 1.012825000000000010e-02 5.284910721749999557e-14
7.200000000000000000e+03 3.908624558914200068e+08 5.533787101726180845e+04 4.282777285084193863e-01 2.000000000000000000e+00 2.025650000000000020e-02 1.432350851310999935e-02 1.056982144349999911e-13
7.300000000000000000e+03 3.908625558914200068e+08 5.533787217466920993e+04 4.290749783112914884e-01 0.000000000000000000e+00 0.000000000000000000e+00 0.000000000000000000e+00 0.000000000000000000e+00
7.400000000000000000e+03 3.908626558914200068e+08 5.533787333207661868e+04 4.298722281191658112e-01 0.000000000000000000e+00 0.000000000000000000e+00 0.000000000000000000e+00 0.000000000000000000e+00
7.500000000000000000e+03 3.908627558914200068e+08 5.533787448948402744e+04 4.306694779270401341e-01 2.000000000000000000e+00 2.025650000000000020e-02 1.432350851310999935e-02 1.056982144349999911e-13
7.600000000000000000e+03 3.908628558914200068e+08 5.533787564689143619e+04 4.314667277353692043e-01 0.000000000000000000e+00 0.000000000000000000e+00 0.000000000000000000e+00 0.000000000000000000e+00
7.700000000000000000e+03 3.908629558914200068e+08 5.533787680429884495e+04 4.322639775432435272e-01 1.000000000000000000e+00 1.012825000000000010e-02 1.012825000000000010e-02 5.284910721749999557e-14
7.800000000000000000e+03 3.908630558914200068e+08 5.533787796170625370e+04 4.330612273511178500e-01 0.000000000000000000e+00 0.000000000000000000e+00 0.000000000000000000e+00 0.000000000000000000e+00
7.900000000000000000e+03 3.908631558914200068e+08 5.533787911911365518e+04 4.338584771539899521e-01 1.000000000000000000e+00 1.012825000000000010e-02 1.012825000000000010e-02 5.284910721749999557e-14
8.000000000000000000e+03 3.908632558914200068e+08 5.533788027652106393e+04 4.346557269623190223e-01 0.000000000000000000e+00 0.000000000000000000e+00 0.000000000000000000e+00 0.000000000000000000e+00
8.100000000000000000e+03 3.908633558914200068e+08 5.533788143392847269e+04 4.354529767701933451e-01 1.000000000000000000e+00 1.012825000000000010e-02 1.012825000000000010e-02 5.284910721749999557e-14
8.200000000000000000e+03 3.908634558914200068e+08 5.533788259133588144e+04 4.362502265780676680e-01 3.000000000000000000e+00 3.038474999999999857e-02 1.754264359175999877e-02 1.585473216524999867e-13
8.300000000000000000e+03 3.908635558914200068e+08 5.533788374874329020e+04 4.370474763863967382e-01 1.000000000000000000e+00 1.012825000000000010e-02 1.012825000000000010e-02 5.284910721749999557e-14
8.400000000000000000e+03 3.908636558914200068e+08 5.533788490615069168e+04 4.378447261892688402e-01 2.000000000000000000e+00 2.025650000000000020e-02 1.432350851310999935e-02 1.056982144349999911e-13
8.500000000000000000e+03 3.908637558914200068e+08 5.533788606355810043e+04 4.386419759971431631e-01 1.000000000000000000e+00 1.012825000000000010e-02 1.012825000000000010e-02 5.284910721749999557e-14
8.600000000000000000e+03 3.908638558914200068e+08 5.533788722096550919e+04 4.394392258050174860e-01 2.000000000000000000e+00 2.025650000000000020e-02 1.432350851310999935e-02 1.056982144349999911e-13
8.700000000000000000e+03 3.908639558914200068e+08 5.533788837837291794e+04 4.402364756133465562e-01 1.000000000000000000e+00 1.012825000000000010e-02 1.012825000000000010e-02 5.284910721749999557e-14
8.800000000000000000e+03 3.908640558914200068e+08 5.533788953578032670e+04 4.410337254212208791e-01 1.000000000000000000e+00 1.012825000000000010e-02 1.012825000000000010e-02 5.284910721749999557e-14
8.900000000000000000e+03 3.908641558914200068e+08 5.533789069318772817e+04 4.418309752240929811e-01 2.000000000000000000e+00 2.025650000000000020e-02 1.432350851310999935e-02 1.056982144349999911e-13
9.000000000000000000e+03 3.908642558914200068e+08 5.533789185059513693e+04 4.426282250319673039e-01 2.000000000000000000e+00 2.025650000000000020e-02 1.432350851310999935e-02 1.056982144349999911e-13
9.100000000000000000e+03 3.908643558914200068e+08 5.533789300800254568e+04 4.434254748402963742e-01 0.000000000000000000e+00 0.000000000000000000e+00 0.000000000000000000e+00 0.000000000000000000e+00
9.200000000000000000e+03 3.908644558914200068e+08 5.533789416540995444e+04 4.442227246481706970e-01 2.000000000000000000e+00 2.025650000000000020e-02 1.432350851310999935e-02 1.056982144349999911e-13
9.300000000000000000e+03 3.908645558914200068e+08 5.533789532281736319e+04 4.450199744560450199e-01 0.000000000000000000e+00 0.000000000000000000e+00 0.000000000000000000e+00 0.000000000000000000e+00
9.400000000000000000e+03 3.908646558914200068e+08 5.533789648022476467e+04 4.458172242589171219e-01 1.000000000000000000e+00 1.012825000000000010e-02 1.012825000000000010e-02 5.284910721749999557e-14
9.500000000000000000e+03 3.908647558914200068e+08 5.533789763763217343e+04 4.466144740672461921e-01 1.000000000000000000e+00 1.012825000000000010e-02 1.012825000000000010e-02 5.284910721749999557e-14
9.600000000000000000e+03 3.908648558914200068e+08 5.533789879503958218e+04 4.474117238751205150e-01 0.000000000000000000e+00 0.000000000000000000e+00 0.000000000000000000e+00 0.000000000000000000e+00
9.700000000000000000e+03 3.908649558914200068e+08 5.533789995244699094e+04 4.482089736829948379e-01 2.000000000000000000e+00 2.025650000000000020e-02 1.432350851310999935e-02 1.056982144349999911e-13
9.800000000000000000e+03 3.908650558914200068e+08 5.533790110985439969e+04 4.490062234908691607e-01 3.000000000000000000e+00 3.038474999999999857e-02 1.754264359175999877e-02 1.585473216524999867e-13
9.900000000000000000e+03 3.908651558914200068e+08 5.533790226726180845e+04 4.498034732991982310e-01 1.000000000000000000e+00 1.012825000000000010e-02 1.012825000000000010e-02 5.284910721749999557e-14
1.000000000000000000e+04 3.908652558914200068e+08 5.533790342466920993e+04 4.506007231020703330e-01 2.000000000000000000e+00 2.025650000000000020e-02 1.432350851310999935e-02 1.056982144349999911e-13
1.010000000000000000e+04 3.908653558914200068e+08 5.533790458207661868e+04 4.513979729099446558e-01 2.000000000000000000e+00 2.025650000000000020e-02 1.432350851310999935e-02 1.056982144349999911e-13
1.020000000000000000e+04 3.908654558914200068e+08 5.533790573948402744e+04 4.521952227178189787e-01 0.000000000000000000e+00 0.000000000000000000e+00 0.000000000000000000e+00 0.000000000000000000e+00
1.030000000000000000e+04 3.908655558914200068e+08 5.533790689689143619e+04 4.529924725261480489e-01 0.000000000000000000e+00 0.000000000000000000e+00 0.000000000000000000e+00 0.000000000000000000e+00
1.040000000000000000e+04 3.908656558914200068e+08 5.533790805429884495e+04 4.537897223340223718e-01 2.000000000000000000e+00 2.025650000000000020e-02 1.432350851310999935e-02 1.056982144349999911e-13
1.050000000000000000e+04 3.908657558914200068e+08 5.533790921170625370e+04 4.545869721418966947e-01 0.000000000000000000e+00 0.000000000000000000e+00 0.000000000000000000e+00 0.000000000000000000e+00
1.060000000000000000e+04 3.908658558914200068e+08 5.533791036911365518e+04 4.553842219447687967e-01 0.000000000000000000e+00 0.000000000000000000e+00 0.000000000000000000e+00 0.000000000000000000e+00
1.070000000000000000e+04 3.908659558914200068e+08 5.533791152652106393e+04 4.561814717530978669e-01 1.000000000000000000e+00 1.012825000000000010e-02 1.012825000000000010e-02 5.284910721749999557e-14
1.080000000000000000e+04 3.908660558914200068e+08 5.533791268392847269e+04 4.569787215609721898e-01 3.000000000000000000e+00 3.038474999999999857e-02 1.754264359175999877e-02 1.585473216524999867e-13
1.090000000000000000e+04 3.908661558914200068e+08 5.533791384133588144e+04 4.577759713688465126e-01 1.000000000000000000e+00 1.012825000000000010e-02 1.012825000000000010e-02 5.284910721749999557e-14
1.100000000000000000e+04 3.908662558914200068e+08 5.533791499874329020e+04 4.585732211767208355e-01 1.000000000000000000e+00 1.012825000000000010e-02 1.012825000000000010e-02 5.284910721749999557e-14
1.110000000000000000e+04 3.908663558914200068e+08 5.533791615615069168e+04 4.593704709800476849e-01 2.000000000000000000e+00 2.025650000000000020e-02 1.432350851310999935e-02 1.056982144349999911e-13
1.120000000000000000e+04 3.908664558914200068e+08 5.533791731355810043e+04 4.601677207879220077e-01 3.000000000000000000e+00 3.038474999999999857e-02 1.754264359175999877e-02 1.585473216524999867e-13
1.130000000000000000e+04 3.908665558914200068e+08 5.533791847096550919e+04 4.609649705957963306e-01 1.000000000000000000e+00 1.012825000000000010e-02 1.012825000000000010e-02 5.284910721749999557e-14
1.140000000000000000e+04 3.908666558914200068e+08 5.533791962837291794e+04 4.617622204041254008e-01 1.000000000000000000e+00 1.012825000000000010e-02 1.012825000000000010e-02 5.284910721749999557e-14
1.150000000000000000e+04 3.908667558914200068e+08 5.533792078578032670e+04 4.625594702119997237e-01 2.000000000000000000e+00 2.025650000000000020e-02 1.432350851310999935e-02 1.056982144349999911e-13
1.160000000000000000e+04 3.908668558914200068e+08 5.533792194318772817e+04 4.633567200148718257e-01 1.000000000000000000e+00 1.012825000000000010e-02 1.012825000000000010e-02 5.284910721749999557e-14
1.170000000000000000e+04 3.908669558914200068e+08 5.533792310059513693e+04 4.641539698227461486e-01 1.000000000000000000e+00 1.012825000000000010e-02 1.012825000000000010e-02 5.284910721749999557e-14
1.180000000000000000e+04 3.908670558914200068e+08 5.533792425800254568e+04 4.649512196310752188e-01 0.000000000000000000e+00 0.000000000000000000e+00 0.000000000000000000e+00 0.000000000000000000e+00
1.190000000000000000e+04 3.908671558914200068e+08 5.533792541540995444e+04 4.657484694389495417e-01 1.000000000000000000e+00 1.012825000000000010e-02 1.012825000000000010e-02 5.284910721749999557e-14
1.200000000000000000e+04 3.908672558914200068e+08 5.533792657281736319e+04 4.665457192468238645e-01 2.000000000000000000e+00 2.025650000000000020e-02 1.432350851310999935e-02 1.056982144349999911e-13
1.210000000000000000e+04 3.908673558914200068e+08 5.533792773022476467e+04 4.673429690496959665e-01 0.000000000000000000e+00 0.000000000000000000e+00 0.000000000000000000e+00 0.000000000000000000e+00
1.220000000000000000e+04 3.908674558914200068e+08 5.533792888763217343e+04 4.681402188580250368e-01 1.000000000000000000e+00 1.012825000000000010e-02 1.012825000000000010e-02 5.284910721749999557e-14
1.230000000000000000e+04 3.908675558914200068e+08 5.533793004503958218e+04 4.689374686658993596e-01 0.000000000000000000e+00 0.000000000000000000e+00 0.000000000000000000e+00 0.000000000000000000e+00
1.240000000000000000e+04 3.908676558914200068e+08 5.533793120244699094e+04 4.697347184737736825e-01 2.000000000000000000e+00 2.025650000000000020e-02 1.432350851310999935e-02 1.056982144349999911e-13
1.250000000000000000e+04 3.908677558914200068e+08 5.533793235985439969e+04 4.705319682816480054e-01 2.000000000000000000e+00 2.025650000000000020e-02 1.432350851310999935e-02 1.056982144349999911e-13
1.260000000000000000e+04 3.908678558914200068e+08 5.533793351726180845e+04 4.713292180899770756e-01 0.000000000000000000e+00 0.000000000000000000e+00 0.000000000000000000e+00 0.000000000000000000e+00
1.270000000000000000e+04 3.908679558914200068e+08 5.533793467466920993e+04 4.721264678928491776e-01 1.000000000000000000e+00 1.012825000000000010e-02 1.012825000000000010e-02 5.284910721749999557e-14
1.280000000000000000e+04 3.908680558914200068e+08 5.533793583207661868e+04 4.729237177007235005e-01 2.000000000000000000e+00 2.025650000000000020e-02 1.432350851310999935e-02 1.056982144349999911e-13
1.290000000000000000e+04 3.908681558914200068e+08 5.533793698948402744e+04 4.737209675085978233e-01 2.000000000000000000e+00 2.025650000000000020e-02 1.432350851310999935e-02 1.056982144349999911e-13
1.300000000000000000e+04 3.908682558914200068e+08 5.533793814689143619e+04 4.745182173169268935e-01 3.000000000000000000e+00 3.038474999999999857e-02 1.754264359175999877e-02 1.585473216524999867e-13
1.310000000000000000e+04 3.908683558914200068e+08 5.533793930429884495e+04 4.753154671248012164e-01 2.000000000000000000e+00 2.025650000000000020e-02 1.432350851310999935e-02 1.056982144349999911e-13
1.320000000000000000e+04 3.908684558914200068e+08 5.533794046170625370e+04 4.761127169326755393e-01 0.000000000000000000e+00 0.000000000000000000e+00 0.000000000000000000e+00 0.000000000000000000e+00
1.330000000000000000e+04 3.908685558914200068e+08 5.533794161911365518e+04 4.769099667355476413e-01 4.000000000000000000e+00 4.051300000000000040e-02 2.025650000000000020e-02 2.113964288699999823e-13
1.340000000000000000e+04 3.908686558914200068e+08 5.533794277652106393e+04 4.777072165438767115e-01 0.000000000000000000e+00 0.000000000000000000e+00 0.000000000000000000e+00 0.000000000000000000e+00
1.350000000000000000e+04 3.908687558914200068e+08 5.533794393392847269e+04 4.785044663517510344e-01 0.000000000000000000e+00 0.000000000000000000e+00 0.000000000000000000e+00 0.000000000000000000e+00
1.360000000000000000e+04 3.908688558914200068e+08 5.533794509133588144e+04 4.793017161596253572e-01 0.000000000000000000e+00 0.000000000000000000e+00 0.000000000000000000e+00 0.000000000000000000e+00
1.370000000000000000e+04 3.908689558914200068e+08 5.533794624874329020e+04 4.800989659674996801e-01 1.000000000000000000e+00 1.012825000000000010e-02 1.012825000000000010e-02 5.284910721749999557e-14
1.380000000000000000e+04 3.908690558914200068e+08 5.533794740615069168e+04 4.808962157708265295e-01 0.000000000000000000e+00 0.000000000000000000e+00 0.000000000000000000e+00 0.000000000000000000e+00
1.390000000000000000e+04 3.908691558914200068e+08 5.533794856355810043e+04 4.816934655787008523e-01 1.000000000000000000e+00 1.012825000000000010e-02 1.012825000000000010e-02 5.284910721749999557e-14
1.400000000000000000e+04 3.908692558914200068e+08 5.533794972096550919e+04 4.824907153865751752e-01 0.000000000000000000e+00 0.000000000000000000e+00 0.000000000000000000e+00 0.000000000000000000e+00
1.410000000000000000e+04 3.908693558914200068e+08 5.533795087837291794e+04 4.832879651944494981e-01 0.000000000000000000e+00 0.000000000000000000e+00 0.000000000000000000e+00 0.000000000000000000e+00
1.420000000000000000e+04 3.908694558914200068e+08 5.533795203578032670e+04 4.840852150027785683e-01 0.000000000000000000e+00 0.000000000000000000e+00 0.000000000000000000e+00 0.000000000000000000e+00
1.430000000000000000e+04 3.908695558914200068e+08 5.533795319318772817e+04 4.848824648056506703e-01 2.000000000000000000e+00 2.025650000000000020e-02 1.432350851310999935e-02 1.056982144349999911e-13
1.440000000000000000e+04 3.908696558914200068e+08 5.533795435059513693e+04 4.856797146135249932e-01 0.000000000000000000e+00 0.000000000000000000e+00 0.000000000000000000e+00 0.000000000000000000e+00
1.450000000000000000e+04 3.908697558914200068e+08 5.533795550800254568e+04 4.864769644218540634e-01 0.000000000000000000e+00 0.000000000000000000e+00 0.000000000000000000e+00 0.000000000000000000e+00
1.460000000000000000e+04 3.908698558914200068e+08 5.533795666540995444e+04 4.872742142297283863e-01 0.000000000000000000e+00 0.000000000000000000e+00 0.000000000000000000e+00 0.000000000000000000e+00
1.470000000000000000e+04 3.908699558914200068e+08 5.533795782281736319e+04 4.880714640376027091e-01 0.000000000000000000e+00 0.000000000000000000e+00 0.000000000000000000e+00 0.000000000000000000e+00
1.480000000000000000e+04 3.908700558914200068e+08 5.533795898022476467e+04 4.888687138404748111e-01 0.000000000000000000e+00 0.000000000000000000e+00 0.000000000000000000e+00 0.000000000000000000e+00
1.490000000000000000e+04 3.908701558914200068e+08 5.533796013763217343e+04 4.896659636488038814e-01 0.000000000000000000e+00 0.000000000000000000e+00 0.000000000000000000e+00 0.000000000000000000e+00
1.500000000000000000e+04 3.908702558914200068e+08 5.533796129503958218e+04 4.904632134566782042e-01 1.000000000000000000e+00 1.012825000000000010e-02 1.012825000000000010e-02 5.284910721749999557e-14
1.510000000000000000e+04 3.908703558914200068e+08 5.533796245244699094e+04 4.912604632645525271e-01 0.000000000000000000e+00 0.000000000000000000e+00 0.000000000000000000e+00 0.000000000000000000e+00
1.520000000000000000e+04 3.908704558914200068e+08 5.533796360985439969e+04 4.920577130724268500e-01 0.000000000000000000e+00 0.000000000000000000e+00 0.000000000000000000e+00 0.000000000000000000e+00
1.530000000000000000e+04 3.908705558914200068e+08 5.533796476726180845e+04 4.928549628807559202e-01 1.000000000000000000e+00 1.012825000000000010e-02 1.012825000000000010e-02 5.284910721749999557e-14
1.540000000000000000e+04 3.908706558914200068e+08 5.533796592466920993e+04 4.936522126836280222e-01 1.000000000000000000e+00 1.012825000000000010e-02 1.012825000000000010e-02 5.284910721749999557e-14
1.550000000000000000e+04 3.908707558914200068e+08 5.533796708207661868e+04 4.944494624915023451e-01 1.000000000000000000e+00 1.012825000000000010e-02 1.012825000000000010e-02 5.284910721749999557e-14
1.560000000000000000e+04 3.908708558914200068e+08 5.533796823948402744e+04 4.952467122993766679e-01 1.000000000000000000e+00 1.012825000000000010e-02 1.012825000000000010e-02 5.284910721749999557e-14
1.570000000000000000e+04 3.908709558914200068e+08 5.533796939689143619e+04 4.960439621077057382e-01 0.000000000000000000e+00 0.000000000000000000e+00 0.000000000000000000e+00 0.000000000000000000e+00
1.580000000000000000e+04 3.908710558914200068e+08 5.533797055429884495e+04 4.968412119155800610e-01 1.000000000000000000e+00 1.012825000000000010e-02 1.012825000000000010e-02 5.284910721749999557e-14
1.590000000000000000e+04 3.908711558914200068e+08 5.533797171170625370e+04 4.976384617234543839e-01 1.000000000000000000e+00 1.012825000000000010e-02 1.012825000000000010e-02 5.284910721749999557e-14
1.600000000000000000e+04 3.908712558914200068e+08 5.533797286911365518e+04 4.984357115263264859e-01 2.000000000000000000e+00 2.025650000000000020e-02 1.432350851310999935e-02 1.056982144349999911e-13
1.610000000000000000e+04 3.908713558914200068e+08 5.533797402652106393e+04 4.992329613346555561e-01 0.000000000000000000e+00 0.000000000000000000e+00 0.000000000000000000e+00 0.000000000000000000e+00
1.620000000000000000e+04 3.908714558914200068e+08 5.533797518392847269e+04 5.000302111425298790e-01 0.000000000000000000e+00 0.000000000000000000e+00 0.000000000000000000e+00 0.000000000000000000e+00
1.630000000000000000e+04 3.908715558914200068e+08 5.533797634133588144e+04 5.008274609504042019e-01 0.000000000000000000e+00 0.000000000000000000e+00 0.000000000000000000e+00 0.000000000000000000e+00
1.640000000000000000e+04 3.908716558914200068e+08 5.533797749874329020e+04 5.016247107582785247e-01 0.000000000000000000e+00 0.000000000000000000e+00 0.000000000000000000e+00 0.000000000000000000e+00
1.650000000000000000e+04 3.908717558914200068e+08 5.533797865615069168e+04 5.024219605616053741e-01 0.000000000000000000e+00 0.000000000000000000e+00 0.000000000000000000e+00 0.000000000000000000e+00
1.660000000000000000e+04 3.908718558914200068e+08 5.533797981355810043e+04 5.032192103694796970e-01 0.000000000000000000e+00 0.000000000000000000e+00 0.000000000000000000e+00 0.000000000000000000e+00
1.670000000000000000e+04 3.908719558914200068e+08 5.533798097096550919e+04 5.040164601773540198e-01 0.000000000000000000e+00 0.000000000000000000e+00 0.000000000000000000e+00 0.000000000000000000e+00
1.680000000000000000e+04 3.908720558914200068e+08 5.533798212837291794e+04 5.048137099852283427e-01 0.000000000000000000e+00 0.000000000000000000e+00 0.000000000000000000e+00 0.000000000000000000e+00
1.690000000000000000e+04 3.908721558914200068e+08 5.533798328578032670e+04 5.056109597935574129e-01 0.000000000000000000e+00 0.000000000000000000e+00 0.000000000000000000e+00 0.000000000000000000e+00
1.700000000000000000e+04 3.908722558914200068e+08 5.533798444318772817e+04 5.064082095964295149e-01 0.000000000000000000e+00 0.000000000000000000e+00 0.000000000000000000e+00 0.000000000000000000e+00
1.710000000000000000e+04 3.908723558914200068e+08 5.533798560059513693e+04 5.072054594043038378e-01 0.000000000000000000e+00 0.000000000000000000e+00 0.000000000000000000e+00 0.000000000000000000e+00
1.720000000000000000e+04 3.908724558914200068e+08 5.533798675800254568e+04 5.080027092126329080e-01 0.000000000000000000e+00 0.000000000000000000e+00 0.000000000000000000e+00 0.000000000000000000e+00
1.730000000000000000e+04 3.908725558914200068e+08 5.533798791540995444e+04 5.087999590205072309e-01 0.000000000000000000e+00 0.000000000000000000e+00 0.000000000000000000e+00 0.000000000000000000e+00
1.740000000000000000e+04 3.908726558914200068e+08 5.533798907281736319e+04 5.095972088283815538e-01 0.000000000000000000e+00 0.000000000000000000e+00 0.000000000000000000e+00 0.000000000000000000e+00
1.750000000000000000e+04 3.908727558914200068e+08 5.533799023022476467e+04 5.103944586312536558e-01 0.000000000000000000e+00 0.000000000000000000e+00 0.000000000000000000e+00 0.000000000000000000e+00
1.760000000000000000e+04 3.908728558914200068e+08 5.533799138763217343e+04 5.111917084395827260e-01 0.000000000000000000e+00 0.000000000000000000e+00 0.000000000000000000e+00 0.000000000000000000e+00
