# Columns: dt, t_raw, mjd, phase, counts, rate, rate_err, flux_t
# 
0.000000000000000000e+00 3.780949584940599799e+08 5.519009905664421240e+04 6.394293609546366497e-01 0.000000000000000000e+00 0.000000000000000000e+00 0.000000000000000000e+00 0.000000000000000000e+00
1.000000000000000000e+02 3.780950584940599799e+08 5.519010021405162115e+04 6.402266107625109726e-01 0.000000000000000000e+00 0.000000000000000000e+00 0.000000000000000000e+00 0.000000000000000000e+00
2.000000000000000000e+02 3.780951584940599799e+08 5.519010137145902991e+04 6.410238605703852954e-01 0.000000000000000000e+00 0.000000000000000000e+00 0.000000000000000000e+00 0.000000000000000000e+00
3.000000000000000000e+02 3.780952584940599799e+08 5.519010252886643866e+04 6.418211103787143657e-01 0.000000000000000000e+00 0.000000000000000000e+00 0.000000000000000000e+00 0.000000000000000000e+00
4.000000000000000000e+02 3.780953584940599799e+08 5.519010368627384014e+04 6.426183601815864677e-01 0.000000000000000000e+00 0.000000000000000000e+00 0.000000000000000000e+00 0.000000000000000000e+00
5.000000000000000000e+02 3.780954584940599799e+08 5.519010484368124889e+04 6.434156099894607905e-01 0.000000000000000000e+00 0.000000000000000000e+00 0.000000000000000000e+00 0.000000000000000000e+00
6.000000000000000000e+02 3.780955584940599799e+08 5.519010600108865765e+04 6.442128597973351134e-01 0.000000000000000000e+00 0.000000000000000000e+00 0.000000000000000000e+00 0.000000000000000000e+00
7.000000000000000000e+02 3.780956584940599799e+08 5.519010715849606640e+04 6.450101096056641836e-01 0.000000000000000000e+00 0.000000000000000000e+00 0.000000000000000000e+00 0.000000000000000000e+00
8.000000000000000000e+02 3.780957584940599799e+08 5.519010831590347516e+04 6.458073594135385065e-01 0.000000000000000000e+00 0.000000000000000000e+00 0.000000000000000000e+00 0.000000000000000000e+00
9.000000000000000000e+02 3.780958584940599799e+08 5.519010947331087664e+04 6.466046092164106085e-01 0.000000000000000000e+00 0.000000000000000000e+00 0.000000000000000000e+00 0.000000000000000000e+00
1.000000000000000000e+03 3.780959584940599799e+08 5.519011063071828539e+04 6.474018590242849314e-01 0.000000000000000000e+00 0.000000000000000000e+00 0.000000000000000000e+00 0.000000000000000000e+00
1.100000000000000000e+03 3.780960584940599799e+08 5.519011178812569415e+04 6.481991088326140016e-01 1.000000000000000000e+00 1.237222561341999941e-02 1.237222561341999941e-02 5.595301916992354512e-14
1.200000000000000000e+03 3.780961584940599799e+08 5.519011294553310290e+04 6.489963586404883245e-01 1.000000000000000000e+00 1.012825000000000010e-02 1.012825000000000010e-02 4.580470677750000449e-14
1.300000000000000000e+03 3.780962584940599799e+08 5.519011410294051166e+04 6.497936084483626473e-01 0.000000000000000000e+00 0.000000000000000000e+00 0.000000000000000000e+00 0.000000000000000000e+00
1.400000000000000000e+03 3.780963584940599799e+08 5.519011526034791314e+04 6.505908582516894967e-01 0.000000000000000000e+00 0.000000000000000000e+00 0.000000000000000000e+00 0.000000000000000000e+00
1.500000000000000000e+03 3.780964584940599799e+08 5.519011641775532189e+04 6.513881080595638196e-01 0.000000000000000000e+00 0.000000000000000000e+00 0.000000000000000000e+00 0.000000000000000000e+00
1.600000000000000000e+03 3.780965584940599799e+08 5.519011757516273065e+04 6.521853578674381424e-01 2.000000000000000000e+00 2.025650000000000020e-02 1.432350851310999935e-02 9.160941355500000897e-14
1.700000000000000000e+03 3.780966584940599799e+08 5.519011873257013940e+04 6.529826076753124653e-01 2.000000000000000000e+00 2.025650000000000020e-02 1.432350851310999935e-02 9.160941355500000897e-14
1.800000000000000000e+03 3.780967584940599799e+08 5.519011988997754816e+04 6.537798574836415355e-01 3.000000000000000000e+00 3.038474999999999857e-02 1.754264359175999877e-02 1.374141203325000071e-13
1.900000000000000000e+03 3.780968584940599799e+08 5.519012104738494963e+04 6.545771072865136375e-01 2.000000000000000000e+00 2.025650000000000020e-02 1.432350851310999935e-02 9.160941355500000897e-14
2.000000000000000000e+03 3.780969584940599799e+08 5.519012220479235839e+04 6.553743570943879604e-01 0.000000000000000000e+00 0.000000000000000000e+00 0.000000000000000000e+00 0.000000000000000000e+00
2.100000000000000000e+03 3.780970584940599799e+08 5.519012336219976714e+04 6.561716069022622833e-01 2.000000000000000000e+00 2.025650000000000020e-02 1.432350851310999935e-02 9.160941355500000897e-14
2.200000000000000000e+03 3.780971584940599799e+08 5.519012451960717590e+04 6.569688567105913535e-01 0.000000000000000000e+00 0.000000000000000000e+00 0.000000000000000000e+00 0.000000000000000000e+00
2.300000000000000000e+03 3.780972584940599799e+08 5.519012567701458465e+04 6.577661065184656763e-01 0.000000000000000000e+00 0.000000000000000000e+00 0.000000000000000000e+00 0.000000000000000000e+00
2.400000000000000000e+03 3.780973584940599799e+08 5.519012683442199341e+04 6.585633563263399992e-01 0.000000000000000000e+00 0.000000000000000000e+00 0.000000000000000000e+00 0.000000000000000000e+00
2.500000000000000000e+03 3.780974584940599799e+08 5.519012799182939489e+04 6.593606061292121012e-01 0.000000000000000000e+00 0.000000000000000000e+00 0.000000000000000000e+00 0.000000000000000000e+00
2.600000000000000000e+03 3.780975584940599799e+08 5.519012914923680364e+04 6.601578559375411714e-01 1.000000000000000000e+00 1.012825000000000010e-02 1.012825000000000010e-02 4.580470677750000449e-14
2.700000000000000000e+03 3.780976584940599799e+08 5.519013030664421240e+04 6.609551057454154943e-01 4.000000000000000000e+00 4.051300000000000040e-02 2.025650000000000020e-02 1.832188271100000179e-13
2.800000000000000000e+03 3.780977584940599799e+08 5.519013146405162115e+04 6.617523555532898172e-01 3.000000000000000000e+00 3.038474999999999857e-02 1.754264359175999877e-02 1.374141203325000071e-13
2.900000000000000000e+03 3.780978584940599799e+08 5.519013262145902991e+04 6.625496053611641400e-01 4.000000000000000000e+00 4.051300000000000040e-02 2.025650000000000020e-02 1.832188271100000179e-13
3.000000000000000000e+03 3.780979584940599799e+08 5.519013377886643866e+04 6.633468551694932103e-01 2.000000000000000000e+00 2.025650000000000020e-02 1.432350851310999935e-02 9.160941355500000897e-14
3.100000000000000000e+03 3.780980584940599799e+08 5.519013493627384014e+04 6.641441049723653123e-01 3.000000000000000000e+00 3.038474999999999857e-02 1.754264359175999877e-02 1.374141203325000071e-13
3.200000000000000000e+03 3.780981584940599799e+08 5.519013609368124889e+04 6.649413547802396351e-01 0.000000000000000000e+00 0.000000000000000000e+00 0.000000000000000000e+00 0.000000000000000000e+00
3.300000000000000000e+03 3.780982584940599799e+08 5.519013725108865765e+04 6.657386045881139580e-01 0.000000000000000000e+00 0.000000000000000000e+00 0.000000000000000000e+00 0.000000000000000000e+00
3.400000000000000000e+03 3.780983584940599799e+08 5.519013840849606640e+04 6.665358543964430282e-01 0.000000000000000000e+00 0.000000000000000000e+00 0.000000000000000000e+00 0.000000000000000000e+00
3.500000000000000000e+03 3.780984584940599799e+08 5.519013956590347516e+04 6.673331042043173511e-01 0.000000000000000000e+00 0.000000000000000000e+00 0.000000000000000000e+00 0.000000000000000000e+00
3.600000000000000000e+03 3.780985584940599799e+08 5.519014072331087664e+04 6.681303540071894531e-01 0.000000000000000000e+00 0.000000000000000000e+00 0.000000000000000000e+00 0.000000000000000000e+00
3.700000000000000000e+03 3.780986584940599799e+08 5.519014188071828539e+04 6.689276038150637760e-01 2.000000000000000000e+00 2.025650000000000020e-02 1.432350851310999935e-02 9.160941355500000897e-14
3.800000000000000000e+03 3.780987584940599799e+08 5.519014303812569415e+04 6.697248536233928462e-01 1.000000000000000000e+00 1.012825000000000010e-02 1.012825000000000010e-02 4.580470677750000449e-14
3.900000000000000000e+03 3.780988584940599799e+08 5.519014419553310290e+04 6.705221034312671691e-01 1.000000000000000000e+00 1.012825000000000010e-02 1.012825000000000010e-02 4.580470677750000449e-14
4.000000000000000000e+03 3.780989584940599799e+08 5.519014535294051166e+04 6.713193532391414919e-01 4.000000000000000000e+00 4.051300000000000040e-02 2.025650000000000020e-02 1.832188271100000179e-13
4.100000000000000000e+03 3.780990584940599799e+08 5.519014651034791314e+04 6.721166030424683413e-01 2.000000000000000000e+00 2.025650000000000020e-02 1.432350851310999935e-02 9.160941355500000897e-14
4.200000000000000000e+03 3.780991584940599799e+08 5.519014766775532189e+04 6.729138528503426642e-01 0.000000000000000000e+00 0.000000000000000000e+00 0.000000000000000000e+00 0.000000000000000000e+00
4.300000000000000000e+03 3.780992584940599799e+08 5.519014882516273065e+04 6.737111026582169870e-01 0.000000000000000000e+00 0.000000000000000000e+00 0.000000000000000000e+00 0.000000000000000000e+00
4.400000000000000000e+03 3.780993584940599799e+08 5.519014998257013940e+04 6.745083524660913099e-01 0.000000000000000000e+00 0.000000000000000000e+00 0.000000000000000000e+00 0.000000000000000000e+00
4.500000000000000000e+03 3.780994584940599799e+08 5.519015113997754816e+04 6.753056022744203801e-01 0.000000000000000000e+00 0.000000000000000000e+00 0.000000000000000000e+00 0.000000000000000000e+00
4.600000000000000000e+03 3.780995584940599799e+08 5.519015229738494963e+04 6.761028520772924821e-01 2.000000000000000000e+00 2.025650000000000020e-02 1.432350851310999935e-02 9.160941355500000897e-14
4.700000000000000000e+03 3.780996584940599799e+08 5.519015345479235839e+04 6.769001018851668050e-01 5.000000000000000000e+00 5.064124999999999877e-02 2.264745549311000111e-02 2.290235338875000035e-13
4.800000000000000000e+03 3.780997584940599799e+08 5.519015461219976714e+04 6.776973516930411279e-01 1.000000000000000000e+00 1.012825000000000010e-02 1.012825000000000010e-02 4.580470677750000449e-14
4.900000000000000000e+03 3.780998584940599799e+08 5.519015576960717590e+04 6.784946015013701981e-01 1.000000000000000000e+00 1.012825000000000010e-02 1.012825000000000010e-02 4.580470677750000449e-14
5.000000000000000000e+03 3.780999584940599799e+08 5.519015692701458465e+04 6.792918513092445210e-01 2.000000000000000000e+00 2.025650000000000020e-02 1.432350851310999935e-02 9.160941355500000897e-14
5.100000000000000000e+03 3.781000584940599799e+08 5.519015808442199341e+04 6.800891011171188438e-01 3.000000000000000000e+00 3.038474999999999857e-02 1.754264359175999877e-02 1.374141203325000071e-13
5.200000000000000000e+03 3.781001584940599799e+08 5.519015924182939489e+04 6.808863509199909458e-01 1.000000000000000000e+00 1.012825000000000010e-02 1.012825000000000010e-02 4.580470677750000449e-14
5.300000000000000000e+03 3.781002584940599799e+08 5.519016039923680364e+04 6.816836007283200161e-01 0.000000000000000000e+00 0.000000000000000000e+00 0.000000000000000000e+00 0.000000000000000000e+00
5.400000000000000000e+03 3.781003584940599799e+08 5.519016155664421240e+04 6.824808505361943389e-01 0.000000000000000000e+00 0.000000000000000000e+00 0.000000000000000000e+00 0.000000000000000000e+00
5.500000000000000000e+03 3.781004584940599799e+08 5.519016271405162115e+04 6.832781003440686618e-01 0.000000000000000000e+00 0.000000000000000000e+00 0.000000000000000000e+00 0.000000000000000000e+00
5.600000000000000000e+03 3.781005584940599799e+08 5.519016387145902991e+04 6.840753501519429847e-01 1.000000000000000000e+00 1.012825000000000010e-02 1.012825000000000010e-02 4.580470677750000449e-14
5.700000000000000000e+03 3.781006584940599799e+08 5.519016502886643866e+04 6.848725999602720549e-01 1.000000000000000000e+00 1.012825000000000010e-02 1.012825000000000010e-02 4.580470677750000449e-14
5.800000000000000000e+03 3.781007584940599799e+08 5.519016618627384014e+04 6.856698497631441569e-01 8.000000000000000000e+00 8.102600000000000080e-02 2.864701702620999976e-02 3.664376542200000359e-13
5.900000000000000000e+03 3.781008584940599799e+08 5.519016734368124889e+04 6.864670995710184798e-01 3.000000000000000000e+00 3.038474999999999857e-02 1.754264359175999877e-02 1.374141203325000071e-13
6.000000000000000000e+03 3.781009584940599799e+08 5.519016850108865765e+04 6.872643493788928026e-01 4.000000000000000000e+00 4.051300000000000040e-02 2.025650000000000020e-02 1.832188271100000179e-13
6.100000000000000000e+03 3.781010584940599799e+08 5.519016965849606640e+04 6.880615991872218729e-01 4.000000000000000000e+00 4.051300000000000040e-02 2.025650000000000020e-02 1.832188271100000179e-13
6.200000000000000000e+03 3.781011584940599799e+08 5.519017081590347516e+04 6.888588489950961957e-01 1.000000000000000000e+00 1.012825000000000010e-02 1.012825000000000010e-02 4.580470677750000449e-14
6.300000000000000000e+03 3.781012584940599799e+08 5.519017197331087664e+04 6.896560987979682977e-01 0.000000000000000000e+00 0.000000000000000000e+00 0.000000000000000000e+00 0.000000000000000000e+00
6.400000000000000000e+03 3.781013584940599799e+08 5.519017313071828539e+04 6.904533486058426206e-01 0.000000000000000000e+00 0.000000000000000000e+00 0.000000000000000000e+00 0.000000000000000000e+00
6.500000000000000000e+03 3.781014584940599799e+08 5.519017428812569415e+04 6.912505984141716908e-01 0.000000000000000000e+00 0.000000000000000000e+00 0.000000000000000000e+00 0.000000000000000000e+00
6.600000000000000000e+03 3.781015584940599799e+08 5.519017544553310290e+04 6.920478482220460137e-01 2.000000000000000000e+00 2.025650000000000020e-02 1.432350851310999935e-02 9.160941355500000897e-14
6.700000000000000000e+03 3.781016584940599799e+08 5.519017660294051166e+04 6.928450980299203366e-01 2.000000000000000000e+00 2.025650000000000020e-02 1.432350851310999935e-02 9.160941355500000897e-14
6.800000000000000000e+03 3.781017584940599799e+08 5.519017776034791314e+04 6.936423478327924386e-01 8.000000000000000000e+00 8.102600000000000080e-02 2.864701702620999976e-02 3.664376542200000359e-13
6.900000000000000000e+03 3.781018584940599799e+08 5.519017891775532189e+04 6.944395976411215088e-01 1.000000000000000000e+00 1.012825000000000010e-02 1.012825000000000010e-02 4.580470677750000449e-14
7.000000000000000000e+03 3.781019584940599799e+08 5.519018007516273065e+04 6.952368474489958317e-01 5.000000000000000000e+00 5.064124999999999877e-02 2.264745549311000111e-02 2.290235338875000035e-13
7.100000000000000000e+03 3.781020584940599799e+08 5.519018123257013940e+04 6.960340972568701545e-01 5.000000000000000000e+00 5.064124999999999877e-02 2.264745549311000111e-02 2.290235338875000035e-13
7.200000000000000000e+03 3.781021584940599799e+08 5.519018238997754816e+04 6.968313470651992247e-01 1.000000000000000000e+00 1.012825000000000010e-02 1.012825000000000010e-02 4.580470677750000449e-14
7.300000000000000000e+03 3.781022584940599799e+08 5.519018354738494963e+04 6.976285968680713268e-01 0.000000000000000000e+00 0.000000000000000000e+00 0.000000000000000000e+00 0.000000000000000000e+00
7.400000000000000000e+03 3.781023584940599799e+08 5.519018470479235839e+04 6.984258466759456496e-01 0.000000000000000000e+00 0.000000000000000000e+00 0.000000000000000000e+00 0.000000000000000000e+00
7.500000000000000000e+03 3.781024584940599799e+08 5.519018586219976714e+04 6.992230964838199725e-01 0.000000000000000000e+00 0.000000000000000000e+00 0.000000000000000000e+00 0.000000000000000000e+00
7.600000000000000000e+03 3.781025584940599799e+08 5.519018701960717590e+04 7.000203462921490427e-01 6.000000000000000000e+00 6.076949999999999713e-02 2.480904448734000053e-02 2.748282406650000143e-13
7.700000000000000000e+03 3.781026584940599799e+08 5.519018817701458465e+04 7.008175961000233656e-01 2.000000000000000000e+00 2.025650000000000020e-02 1.432350851310999935e-02 9.160941355500000897e-14
7.800000000000000000e+03 3.781027584940599799e+08 5.519018933442199341e+04 7.016148459078976884e-01 2.000000000000000000e+00 2.025650000000000020e-02 1.432350851310999935e-02 9.160941355500000897e-14
7.900000000000000000e+03 3.781028584940599799e+08 5.519019049182939489e+04 7.024120957107697905e-01 1.000000000000000000e+00 1.012825000000000010e-02 1.012825000000000010e-02 4.580470677750000449e-14
8.000000000000000000e+03 3.781029584940599799e+08 5.519019164923680364e+04 7.032093455190988607e-01 4.000000000000000000e+00 4.051300000000000040e-02 2.025650000000000020e-02 1.832188271100000179e-13
8.100000000000000000e+03 3.781030584940599799e+08 5.519019280664421240e+04 7.040065953269731835e-01 3.000000000000000000e+00 3.038474999999999857e-02 1.754264359175999877e-02 1.374141203325000071e-13
8.200000000000000000e+03 3.781031584940599799e+08 5.519019396405162115e+04 7.048038451348475064e-01 1.000000000000000000e+00 1.012825000000000010e-02 1.012825000000000010e-02 4.580470677750000449e-14
8.300000000000000000e+03 3.781032584940599799e+08 5.519019512145902991e+04 7.056010949427218293e-01 0.000000000000000000e+00 0.000000000000000000e+00 0.000000000000000000e+00 0.000000000000000000e+00
8.400000000000000000e+03 3.781033584940599799e+08 5.519019627886643866e+04 7.063983447510508995e-01 0.000000000000000000e+00 0.000000000000000000e+00 0.000000000000000000e+00 0.000000000000000000e+00
8.500000000000000000e+03 3.781034584940599799e+08 5.519019743627384014e+04 7.071955945539230015e-01 0.000000000000000000e+00 0.000000000000000000e+00 0.000000000000000000e+00 0.000000000000000000e+00
8.600000000000000000e+03 3.781035584940599799e+08 5.519019859368124889e+04 7.079928443617973244e-01 6.000000000000000000e+00 6.076949999999999713e-02 2.480904448734000053e-02 2.748282406650000143e-13
8.700000000000000000e+03 3.781036584940599799e+08 5.519019975108865765e+04 7.087900941696716473e-01 6.000000000000000000e+00 6.076949999999999713e-02 2.480904448734000053e-02 2.748282406650000143e-13
8.800000000000000000e+03 3.781037584940599799e+08 5.519020090849606640e+04 7.095873439780007175e-01 4.000000000000000000e+00 4.051300000000000040e-02 2.025650000000000020e-02 1.832188271100000179e-13
8.900000000000000000e+03 3.781038584940599799e+08 5.519020206590347516e+04 7.103845937858750403e-01 5.000000000000000000e+00 5.064124999999999877e-02 2.264745549311000111e-02 2.290235338875000035e-13
9.000000000000000000e+03 3.781039584940599799e+08 5.519020322331087664e+04 7.111818435887471423e-01 5.000000000000000000e+00 5.064124999999999877e-02 2.264745549311000111e-02 2.290235338875000035e-13
9.100000000000000000e+03 3.781040584940599799e+08 5.519020438071828539e+04 7.119790933966214652e-01 1.000000000000000000e+01 1.012824999999999975e-01 3.202833871159999762e-02 4.580470677750000070e-13
9.200000000000000000e+03 3.781041584940599799e+08 5.519020553812569415e+04 7.127763432049505354e-01 0.000000000000000000e+00 0.000000000000000000e+00 0.000000000000000000e+00 0.000000000000000000e+00
9.300000000000000000e+03 3.781042584940599799e+08 5.519020669553310290e+04 7.135735930128248583e-01 0.000000000000000000e+00 0.000000000000000000e+00 0.000000000000000000e+00 0.000000000000000000e+00
9.400000000000000000e+03 3.781043584940599799e+08 5.519020785294051166e+04 7.143708428206991812e-01 0.000000000000000000e+00 0.000000000000000000e+00 0.000000000000000000e+00 0.000000000000000000e+00
9.500000000000000000e+03 3.781044584940599799e+08 5.519020901034791314e+04 7.151680926235712832e-01 0.000000000000000000e+00 0.000000000000000000e+00 0.000000000000000000e+00 0.000000000000000000e+00
9.600000000000000000e+03 3.781045584940599799e+08 5.519021016775532189e+04 7.159653424319003534e-01 5.000000000000000000e+00 5.064124999999999877e-02 2.264745549311000111e-02 2.290235338875000035e-13
9.700000000000000000e+03 3.781046584940599799e+08 5.519021132516273065e+04 7.167625922397746763e-01 9.000000000000000000e+00 9.115425000000000610e-02 3.038474999999999857e-02 4.122423609975000467e-13
9.800000000000000000e+03 3.781047584940599799e+08 5.519021248257013940e+04 7.175598420476489991e-01 6.000000000000000000e+00 6.076949999999999713e-02 2.480904448734000053e-02 2.748282406650000143e-13
9.900000000000000000e+03 3.781048584940599799e+08 5.519021363997754816e+04 7.183570918559780694e-01 4.000000000000000000e+00 4.051300000000000040e-02 2.025650000000000020e-02 1.832188271100000179e-13
1.000000000000000000e+04 3.781049584940599799e+08 5.519021479738494963e+04 7.191543416588501714e-01 6.000000000000000000e+00 6.076949999999999713e-02 2.480904448734000053e-02 2.748282406650000143e-13
1.010000000000000000e+04 3.781050584940599799e+08 5.519021595479235839e+04 7.199515914667244942e-01 4.000000000000000000e+00 4.051300000000000040e-02 2.025650000000000020e-02 1.832188271100000179e-13
1.020000000000000000e+04 3.781051584940599799e+08 5.519021711219976714e+04 7.207488412745988171e-01 1.000000000000000000e+00 1.012825000000000010e-02 1.012825000000000010e-02 4.580470677750000449e-14
1.030000000000000000e+04 3.781052584940599799e+08 5.519021826960717590e+04 7.215460910829278873e-01 0.000000000000000000e+00 0.000000000000000000e+00 0.000000000000000000e+00 0.000000000000000000e+00
1.040000000000000000e+04 3.781053584940599799e+08 5.519021942701458465e+04 7.223433408908022102e-01 0.000000000000000000e+00 0.000000000000000000e+00 0.000000000000000000e+00 0.000000000000000000e+00
1.050000000000000000e+04 3.781054584940599799e+08 5.519022058442199341e+04 7.231405906986765331e-01 0.000000000000000000e+00 0.000000000000000000e+00 0.000000000000000000e+00 0.000000000000000000e+00
1.060000000000000000e+04 3.781055584940599799e+08 5.519022174182939489e+04 7.239378405015486351e-01 2.000000000000000000e+00 2.025650000000000020e-02 1.432350851310999935e-02 9.160941355500000897e-14
1.070000000000000000e+04 3.781056584940599799e+08 5.519022289923680364e+04 7.247350903098777053e-01 2.000000000000000000e+00 2.025650000000000020e-02 1.432350851310999935e-02 9.160941355500000897e-14
1.080000000000000000e+04 3.781057584940599799e+08 5.519022405664421240e+04 7.255323401177520282e-01 3.000000000000000000e+00 3.038474999999999857e-02 1.754264359175999877e-02 1.374141203325000071e-13
1.090000000000000000e+04 3.781058584940599799e+08 5.519022521405162115e+04 7.263295899256263510e-01 6.000000000000000000e+00 6.076949999999999713e-02 2.480904448734000053e-02 2.748282406650000143e-13
1.100000000000000000e+04 3.781059584940599799e+08 5.519022637145902991e+04 7.271268397335006739e-01 7.000000000000000000e+00 7.089774999999999550e-02 2.679683071629000018e-02 3.206329474424999746e-13
1.110000000000000000e+04 3.781060584940599799e+08 5.519022752886643866e+04 7.279240895418297441e-01 6.000000000000000000e+00 6.076949999999999713e-02 2.480904448734000053e-02 2.748282406650000143e-13
1.120000000000000000e+04 3.781061584940599799e+08 5.519022868627384014e+04 7.287213393447018461e-01 1.000000000000000000e+00 1.012825000000000010e-02 1.012825000000000010e-02 4.580470677750000449e-14
1.130000000000000000e+04 3.781062584940599799e+08 5.519022984368124889e+04 7.295185891525761690e-01 0.000000000000000000e+00 0.000000000000000000e+00 0.000000000000000000e+00 0.000000000000000000e+00
1.140000000000000000e+04 3.781063584940599799e+08 5.519023100108865765e+04 7.303158389604504919e-01 0.000000000000000000e+00 0.000000000000000000e+00 0.000000000000000000e+00 0.000000000000000000e+00
1.150000000000000000e+04 3.781064584940599799e+08 5.519023215849606640e+04 7.311130887687795621e-01 0.000000000000000000e+00 0.000000000000000000e+00 0.000000000000000000e+00 0.000000000000000000e+00
1.160000000000000000e+04 3.781065584940599799e+08 5.519023331590347516e+04 7.319103385766538850e-01 2.000000000000000000e+00 2.025650000000000020e-02 1.432350851310999935e-02 9.160941355500000897e-14
1.170000000000000000e+04 3.781066584940599799e+08 5.519023447331087664e+04 7.327075883795259870e-01 7.000000000000000000e+00 7.089774999999999550e-02 2.679683071629000018e-02 3.206329474424999746e-13
1.180000000000000000e+04 3.781067584940599799e+08 5.519023563071828539e+04 7.335048381874003098e-01 7.000000000000000000e+00 7.089774999999999550e-02 2.679683071629000018e-02 3.206329474424999746e-13
1.190000000000000000e+04 3.781068584940599799e+08 5.519023678812569415e+04 7.343020879957293801e-01 4.000000000000000000e+00 4.051300000000000040e-02 2.025650000000000020e-02 1.832188271100000179e-13
1.200000000000000000e+04 3.781069584940599799e+08 5.519023794553310290e+04 7.350993378036037029e-01 3.000000000000000000e+00 3.038474999999999857e-02 1.754264359175999877e-02 1.374141203325000071e-13
1.210000000000000000e+04 3.781070584940599799e+08 5.519023910294051166e+04 7.358965876114780258e-01 5.000000000000000000e+00 5.064124999999999877e-02 2.264745549311000111e-02 2.290235338875000035e-13
1.220000000000000000e+04 3.781071584940599799e+08 5.519024026034791314e+04 7.366938374143501278e-01 0.000000000000000000e+00 0.000000000000000000e+00 0.000000000000000000e+00 0.000000000000000000e+00
1.230000000000000000e+04 3.781072584940599799e+08 5.519024141775532189e+04 7.374910872226791980e-01 0.000000000000000000e+00 0.000000000000000000e+00 0.000000000000000000e+00 0.000000000000000000e+00
1.240000000000000000e+04 3.781073584940599799e+08 5.519024257516273065e+04 7.382883370305535209e-01 0.000000000000000000e+00 0.000000000000000000e+00 0.000000000000000000e+00 0.000000000000000000e+00
1.250000000000000000e+04 3.781074584940599799e+08 5.519024373257013940e+04 7.390855868384278438e-01 0.000000000000000000e+00 0.000000000000000000e+00 0.000000000000000000e+00 0.000000000000000000e+00
1.260000000000000000e+04 3.781075584940599799e+08 5.519024488997754816e+04 7.398828366463021666e-01 0.000000000000000000e+00 0.000000000000000000e+00 0.000000000000000000e+00 0.000000000000000000e+00
1.270000000000000000e+04 3.781076584940599799e+08 5.519024604738494963e+04 7.406800864496290160e-01 5.000000000000000000e+00 5.064124999999999877e-02 2.264745549311000111e-02 2.290235338875000035e-13
1.280000000000000000e+04 3.781077584940599799e+08 5.519024720479235839e+04 7.414773362575033389e-01 6.000000000000000000e+00 6.076949999999999713e-02 2.480904448734000053e-02 2.748282406650000143e-13
1.290000000000000000e+04 3.781078584940599799e+08 5.519024836219976714e+04 7.422745860653776617e-01 3.000000000000000000e+00 3.038474999999999857e-02 1.754264359175999877e-02 1.374141203325000071e-13
1.300000000000000000e+04 3.781079584940599799e+08 5.519024951960717590e+04 7.430718358737067319e-01 5.000000000000000000e+00 5.064124999999999877e-02 2.264745549311000111e-02 2.290235338875000035e-13
1.310000000000000000e+04 3.781080584940599799e+08 5.519025067701458465e+04 7.438690856815810548e-01 6.000000000000000000e+00 6.076949999999999713e-02 2.480904448734000053e-02 2.748282406650000143e-13
1.320000000000000000e+04 3.781081584940599799e+08 5.519025183442199341e+04 7.446663354894553777e-01 0.000000000000000000e+00 0.000000000000000000e+00 0.000000000000000000e+00 0.000000000000000000e+00
1.330000000000000000e+04 3.781082584940599799e+08 5.519025299182939489e+04 7.454635852923274797e-01 0.000000000000000000e+00 0.000000000000000000e+00 0.000000000000000000e+00 0.000000000000000000e+00
1.340000000000000000e+04 3.781083584940599799e+08 5.519025414923680364e+04 7.462608351006565499e-01 0.000000000000000000e+00 0.000000000000000000e+00 0.000000000000000000e+00 0.000000000000000000e+00
1.350000000000000000e+04 3.781084584940599799e+08 5.519025530664421240e+04 7.470580849085308728e-01 0.000000000000000000e+00 0.000000000000000000e+00 0.000000000000000000e+00 0.000000000000000000e+00
1.360000000000000000e+04 3.781085584940599799e+08 5.519025646405162115e+04 7.478553347164051956e-01 5.000000000000000000e+00 5.064124999999999877e-02 2.264745549311000111e-02 2.290235338875000035e-13
1.370000000000000000e+04 3.781086584940599799e+08 5.519025762145902991e+04 7.486525845242795185e-01 2.000000000000000000e+00 2.025650000000000020e-02 1.432350851310999935e-02 9.160941355500000897e-14
1.380000000000000000e+04 3.781087584940599799e+08 5.519025877886643866e+04 7.494498343326085887e-01 6.000000000000000000e+00 6.076949999999999713e-02 2.480904448734000053e-02 2.748282406650000143e-13
1.390000000000000000e+04 3.781088584940599799e+08 5.519025993627384014e+04 7.502470841354806907e-01 8.000000000000000000e+00 8.102600000000000080e-02 2.864701702620999976e-02 3.664376542200000359e-13
1.400000000000000000e+04 3.781089584940599799e+08 5.519026109368124889e+04 7.510443339433550136e-01 8.000000000000000000e+00 8.102600000000000080e-02 2.864701702620999976e-02 3.664376542200000359e-13
1.410000000000000000e+04 3.781090584940599799e+08 5.519026225108865765e+04 7.518415837512293365e-01 7.000000000000000000e+00 7.089774999999999550e-02 2.679683071629000018e-02 3.206329474424999746e-13
1.420000000000000000e+04 3.781091584940599799e+08 5.519026340849606640e+04 7.526388335595584067e-01 0.000000000000000000e+00 0.000000000000000000e+00 0.000000000000000000e+00 0.000000000000000000e+00
1.430000000000000000e+04 3.781092584940599799e+08 5.519026456590347516e+04 7.534360833674327296e-01 0.000000000000000000e+00 0.000000000000000000e+00 0.000000000000000000e+00 0.000000000000000000e+00
1.440000000000000000e+04 3.781093584940599799e+08 5.519026572331087664e+04 7.542333331703048316e-01 0.000000000000000000e+00 0.000000000000000000e+00 0.000000000000000000e+00 0.000000000000000000e+00
1.450000000000000000e+04 3.781094584940599799e+08 5.519026688071828539e+04 7.550305829781791545e-01 0.000000000000000000e+00 0.000000000000000000e+00 0.000000000000000000e+00 0.000000000000000000e+00
1.460000000000000000e+04 3.781095584940599799e+08 5.519026803812569415e+04 7.558278327865082247e-01 3.000000000000000000e+00 3.038474999999999857e-02 1.754264359175999877e-02 1.374141203325000071e-13
1.470000000000000000e+04 3.781096584940599799e+08 5.519026919553310290e+04 7.566250825943825475e-01 8.000000000000000000e+00 8.102600000000000080e-02 2.864701702620999976e-02 3.664376542200000359e-13
1.480000000000000000e+04 3.781097584940599799e+08 5.519027035294051166e+04 7.574223324022568704e-01 7.000000000000000000e+00 7.089774999999999550e-02 2.679683071629000018e-02 3.206329474424999746e-13
1.490000000000000000e+04 3.781098584940599799e+08 5.519027151034791314e+04 7.582195822051289724e-01 7.000000000000000000e+00 7.903339772098000315e-02 2.987181651973999999e-02 3.574261701912004389e-13
1.500000000000000000e+04 3.781099584940599799e+08 5.519027266775532189e+04 7.590168320134580426e-01 0.000000000000000000e+00 0.000000000000000000e+00 0.000000000000000000e+00 0.000000000000000000e+00
1.510000000000000000e+04 3.781100584940599799e+08 5.519027382516273065e+04 7.598140818213323655e-01 0.000000000000000000e+00 0.000000000000000000e+00 0.000000000000000000e+00 0.000000000000000000e+00
1.520000000000000000e+04 3.781101584940599799e+08 5.519027498257013940e+04 7.606113316292066884e-01 0.000000000000000000e+00 0.000000000000000000e+00 0.000000000000000000e+00 0.000000000000000000e+00
