# Columns: dt, t_raw, mjd, phase, counts, rate, rate_err, flux_t
# 
0.000000000000000000e+00 2.788568795371000171e+08 5.404151017982754274e+04 4.640363410339887196e-01 0.000000000000000000e+00 0.000000000000000000e+00 0.000000000000000000e+00 0.000000000000000000e+00
1.000000000000000000e+02 2.788569795371000171e+08 5.404151133723495150e+04 4.648335908423177898e-01 0.000000000000000000e+00 0.000000000000000000e+00 0.000000000000000000e+00 0.000000000000000000e+00
2.000000000000000000e+02 2.788570795371000171e+08 5.404151249464236025e+04 4.656308406501921127e-01 0.000000000000000000e+00 0.000000000000000000e+00 0.000000000000000000e+00 0.000000000000000000e+00
3.000000000000000000e+02 2.788571795371000171e+08 5.404151365204976901e+04 4.664280904580664355e-01 0.000000000000000000e+00 0.000000000000000000e+00 0.000000000000000000e+00 0.000000000000000000e+00
4.000000000000000000e+02 2.788572795371000171e+08 5.404151480945717776e+04 4.672253402659407584e-01 0.000000000000000000e+00 0.000000000000000000e+00 0.000000000000000000e+00 0.000000000000000000e+00
5.000000000000000000e+02 2.788573795371000171e+08 5.404151596686458652e+04 4.680225900742698286e-01 0.000000000000000000e+00 0.000000000000000000e+00 0.000000000000000000e+00 0.000000000000000000e+00
6.000000000000000000e+02 2.788574795371000171e+08 5.404151712427198800e+04 4.688198398771419306e-01 0.000000000000000000e+00 0.000000000000000000e+00 0.000000000000000000e+00 0.000000000000000000e+00
7.000000000000000000e+02 2.788575795371000171e+08 5.404151828167939675e+04 4.696170896850162535e-01 0.000000000000000000e+00 0.000000000000000000e+00 0.000000000000000000e+00 0.000000000000000000e+00
8.000000000000000000e+02 2.788576795371000171e+08 5.404151943908680551e+04 4.704143394928905764e-01 0.000000000000000000e+00 0.000000000000000000e+00 0.000000000000000000e+00 0.000000000000000000e+00
9.000000000000000000e+02 2.788577795371000171e+08 5.404152059649421426e+04 4.712115893012196466e-01 0.000000000000000000e+00 0.000000000000000000e+00 0.000000000000000000e+00 0.000000000000000000e+00
1.000000000000000000e+03 2.788578795371000171e+08 5.404152175390162301e+04 4.720088391090939695e-01 2.000000000000000000e+00 2.025650000000000020e-02 1.432350851310999935e-02 8.952542483500000542e-14
1.100000000000000000e+03 2.788579795371000171e+08 5.404152291130903177e+04 4.728060889169682923e-01 3.000000000000000000e+00 3.038474999999999857e-02 1.754264359175999877e-02 1.342881372524999892e-13
1.200000000000000000e+03 2.788580795371000171e+08 5.404152406871643325e+04 4.736033387198403943e-01 2.000000000000000000e+00 2.025650000000000020e-02 1.432350851310999935e-02 8.952542483500000542e-14
1.300000000000000000e+03 2.788581795371000171e+08 5.404152522612384200e+04 4.744005885281694646e-01 1.000000000000000000e+00 1.012825000000000010e-02 1.012825000000000010e-02 4.476271241750000271e-14
1.400000000000000000e+03 2.788582795371000171e+08 5.404152638353125076e+04 4.751978383360437874e-01 1.000000000000000000e+00 1.012825000000000010e-02 1.012825000000000010e-02 4.476271241750000271e-14
1.500000000000000000e+03 2.788583795371000171e+08 5.404152754093865951e+04 4.759950881439181103e-01 0.000000000000000000e+00 0.000000000000000000e+00 0.000000000000000000e+00 0.000000000000000000e+00
1.600000000000000000e+03 2.788584795371000171e+08 5.404152869834606827e+04 4.767923379517924332e-01 0.000000000000000000e+00 0.000000000000000000e+00 0.000000000000000000e+00 0.000000000000000000e+00
1.700000000000000000e+03 2.788585795371000171e+08 5.404152985575346975e+04 4.775895877551192825e-01 0.000000000000000000e+00 0.000000000000000000e+00 0.000000000000000000e+00 0.000000000000000000e+00
1.800000000000000000e+03 2.788586795371000171e+08 5.404153101316087850e+04 4.783868375629936054e-01 1.000000000000000000e+00 1.012825000000000010e-02 1.012825000000000010e-02 4.476271241750000271e-14
1.900000000000000000e+03 2.788587795371000171e+08 5.404153217056828726e+04 4.791840873708679283e-01 0.000000000000000000e+00 0.000000000000000000e+00 0.000000000000000000e+00 0.000000000000000000e+00
2.000000000000000000e+03 2.788588795371000171e+08 5.404153332797569601e+04 4.799813371787422511e-01 0.000000000000000000e+00 0.000000000000000000e+00 0.000000000000000000e+00 0.000000000000000000e+00
2.100000000000000000e+03 2.788589795371000171e+08 5.404153448538310477e+04 4.807785869870713213e-01 2.000000000000000000e+00 2.025650000000000020e-02 1.432350851310999935e-02 8.952542483500000542e-14
2.200000000000000000e+03 2.788590795371000171e+08 5.404153564279050624e+04 4.815758367899434234e-01 0.000000000000000000e+00 0.000000000000000000e+00 0.000000000000000000e+00 0.000000000000000000e+00
2.300000000000000000e+03 2.788591795371000171e+08 5.404153680019791500e+04 4.823730865978177462e-01 0.000000000000000000e+00 0.000000000000000000e+00 0.000000000000000000e+00 0.000000000000000000e+00
2.400000000000000000e+03 2.788592795371000171e+08 5.404153795760532375e+04 4.831703364056920691e-01 2.000000000000000000e+00 2.025650000000000020e-02 1.432350851310999935e-02 8.952542483500000542e-14
2.500000000000000000e+03 2.788593795371000171e+08 5.404153911501273251e+04 4.839675862140211393e-01 2.000000000000000000e+00 2.025650000000000020e-02 1.432350851310999935e-02 8.952542483500000542e-14
2.600000000000000000e+03 2.788594795371000171e+08 5.404154027242014126e+04 4.847648360218954622e-01 3.000000000000000000e+00 3.038474999999999857e-02 1.754264359175999877e-02 1.342881372524999892e-13
2.700000000000000000e+03 2.788595795371000171e+08 5.404154142982754274e+04 4.855620858247675642e-01 1.000000000000000000e+00 1.012825000000000010e-02 1.012825000000000010e-02 4.476271241750000271e-14
2.800000000000000000e+03 2.788596795371000171e+08 5.404154258723495150e+04 4.863593356326418871e-01 1.000000000000000000e+00 1.012825000000000010e-02 1.012825000000000010e-02 4.476271241750000271e-14
2.900000000000000000e+03 2.788597795371000171e+08 5.404154374464236025e+04 4.871565854409709573e-01 0.000000000000000000e+00 0.000000000000000000e+00 0.000000000000000000e+00 0.000000000000000000e+00
3.000000000000000000e+03 2.788598795371000171e+08 5.404154490204976901e+04 4.879538352488452801e-01 0.000000000000000000e+00 0.000000000000000000e+00 0.000000000000000000e+00 0.000000000000000000e+00
3.100000000000000000e+03 2.788599795371000171e+08 5.404154605945717776e+04 4.887510850567196030e-01 0.000000000000000000e+00 0.000000000000000000e+00 0.000000000000000000e+00 0.000000000000000000e+00
3.200000000000000000e+03 2.788600795371000171e+08 5.404154721686458652e+04 4.895483348650486732e-01 1.000000000000000000e+00 1.012825000000000010e-02 1.012825000000000010e-02 4.476271241750000271e-14
3.300000000000000000e+03 2.788601795371000171e+08 5.404154837427198800e+04 4.903455846679207752e-01 0.000000000000000000e+00 0.000000000000000000e+00 0.000000000000000000e+00 0.000000000000000000e+00
3.400000000000000000e+03 2.788602795371000171e+08 5.404154953167939675e+04 4.911428344757950981e-01 0.000000000000000000e+00 0.000000000000000000e+00 0.000000000000000000e+00 0.000000000000000000e+00
3.500000000000000000e+03 2.788603795371000171e+08 5.404155068908680551e+04 4.919400842836694210e-01 2.000000000000000000e+00 2.025650000000000020e-02 1.432350851310999935e-02 8.952542483500000542e-14
3.600000000000000000e+03 2.788604795371000171e+08 5.404155184649421426e+04 4.927373340919984912e-01 0.000000000000000000e+00 0.000000000000000000e+00 0.000000000000000000e+00 0.000000000000000000e+00
3.700000000000000000e+03 2.788605795371000171e+08 5.404155300390162301e+04 4.935345838998728141e-01 1.000000000000000000e+00 1.012825000000000010e-02 1.012825000000000010e-02 4.476271241750000271e-14
3.800000000000000000e+03 2.788606795371000171e+08 5.404155416130903177e+04 4.943318337077471369e-01 0.000000000000000000e+00 0.000000000000000000e+00 0.000000000000000000e+00 0.000000000000000000e+00
3.900000000000000000e+03 2.788607795371000171e+08 5.404155531871643325e+04 4.951290835106192390e-01 2.000000000000000000e+00 2.025650000000000020e-02 1.432350851310999935e-02 8.952542483500000542e-14
4.000000000000000000e+03 2.788608795371000171e+08 5.404155647612384200e+04 4.959263333189483092e-01 0.000000000000000000e+00 0.000000000000000000e+00 0.000000000000000000e+00 0.000000000000000000e+00
4.100000000000000000e+03 2.788609795371000171e+08 5.404155763353125076e+04 4.967235831268226320e-01 0.000000000000000000e+00 0.000000000000000000e+00 0.000000000000000000e+00 0.000000000000000000e+00
4.200000000000000000e+03 2.788610795371000171e+08 5.404155879093865951e+04 4.975208329346969549e-01 1.000000000000000000e+00 1.012825000000000010e-02 1.012825000000000010e-02 4.476271241750000271e-14
4.300000000000000000e+03 2.788611795371000171e+08 5.404155994834606827e+04 4.983180827425712778e-01 1.000000000000000000e+00 1.012825000000000010e-02 1.012825000000000010e-02 4.476271241750000271e-14
4.400000000000000000e+03 2.788612795371000171e+08 5.404156110575346975e+04 4.991153325458981271e-01 1.000000000000000000e+00 1.012825000000000010e-02 1.012825000000000010e-02 4.476271241750000271e-14
4.500000000000000000e+03 2.788613795371000171e+08 5.404156226316087850e+04 4.999125823537724500e-01 1.000000000000000000e+00 1.012825000000000010e-02 1.012825000000000010e-02 4.476271241750000271e-14
4.600000000000000000e+03 2.788614795371000171e+08 5.404156342056828726e+04 5.007098321616467729e-01 0.000000000000000000e+00 0.000000000000000000e+00 0.000000000000000000e+00 0.000000000000000000e+00
4.700000000000000000e+03 2.788615795371000171e+08 5.404156457797569601e+04 5.015070819695210957e-01 1.000000000000000000e+00 1.012825000000000010e-02 1.012825000000000010e-02 4.476271241750000271e-14
4.800000000000000000e+03 2.788616795371000171e+08 5.404156573538310477e+04 5.023043317778501660e-01 3.000000000000000000e+00 3.038474999999999857e-02 1.754264359175999877e-02 1.342881372524999892e-13
4.900000000000000000e+03 2.788617795371000171e+08 5.404156689279050624e+04 5.031015815807222680e-01 1.000000000000000000e+00 1.012825000000000010e-02 1.012825000000000010e-02 4.476271241750000271e-14
5.000000000000000000e+03 2.788618795371000171e+08 5.404156805019791500e+04 5.038988313885965908e-01 3.000000000000000000e+00 3.038474999999999857e-02 1.754264359175999877e-02 1.342881372524999892e-13
5.100000000000000000e+03 2.788619795371000171e+08 5.404156920760532375e+04 5.046960811964709137e-01 1.000000000000000000e+00 1.012825000000000010e-02 1.012825000000000010e-02 4.476271241750000271e-14
5.200000000000000000e+03 2.788620795371000171e+08 5.404157036501273251e+04 5.054933310047999839e-01 0.000000000000000000e+00 0.000000000000000000e+00 0.000000000000000000e+00 0.000000000000000000e+00
5.300000000000000000e+03 2.788621795371000171e+08 5.404157152242014126e+04 5.062905808126743068e-01 0.000000000000000000e+00 0.000000000000000000e+00 0.000000000000000000e+00 0.000000000000000000e+00
5.400000000000000000e+03 2.788622795371000171e+08 5.404157267982754274e+04 5.070878306155464088e-01 1.000000000000000000e+00 1.012825000000000010e-02 1.012825000000000010e-02 4.476271241750000271e-14
5.500000000000000000e+03 2.788623795371000171e+08 5.404157383723495150e+04 5.078850804234207317e-01 2.000000000000000000e+00 2.025650000000000020e-02 1.432350851310999935e-02 8.952542483500000542e-14
5.600000000000000000e+03 2.788624795371000171e+08 5.404157499464236025e+04 5.086823302317498019e-01 0.000000000000000000e+00 0.000000000000000000e+00 0.000000000000000000e+00 0.000000000000000000e+00
5.700000000000000000e+03 2.788625795371000171e+08 5.404157615204976901e+04 5.094795800396241248e-01 1.000000000000000000e+00 1.012825000000000010e-02 1.012825000000000010e-02 4.476271241750000271e-14
5.800000000000000000e+03 2.788626795371000171e+08 5.404157730945717776e+04 5.102768298474984476e-01 2.000000000000000000e+00 2.025650000000000020e-02 1.432350851310999935e-02 8.952542483500000542e-14
5.900000000000000000e+03 2.788627795371000171e+08 5.404157846686458652e+04 5.110740796558275179e-01 0.000000000000000000e+00 0.000000000000000000e+00 0.000000000000000000e+00 0.000000000000000000e+00
6.000000000000000000e+03 2.788628795371000171e+08 5.404157962427198800e+04 5.118713294586996199e-01 2.000000000000000000e+00 2.025650000000000020e-02 1.432350851310999935e-02 8.952542483500000542e-14
6.100000000000000000e+03 2.788629795371000171e+08 5.404158078167939675e+04 5.126685792665739427e-01 0.000000000000000000e+00 0.000000000000000000e+00 0.000000000000000000e+00 0.000000000000000000e+00
6.200000000000000000e+03 2.788630795371000171e+08 5.404158193908680551e+04 5.134658290744482656e-01 0.000000000000000000e+00 0.000000000000000000e+00 0.000000000000000000e+00 0.000000000000000000e+00
6.300000000000000000e+03 2.788631795371000171e+08 5.404158309649421426e+04 5.142630788827773358e-01 1.000000000000000000e+00 1.012825000000000010e-02 1.012825000000000010e-02 4.476271241750000271e-14
6.400000000000000000e+03 2.788632795371000171e+08 5.404158425390162301e+04 5.150603286906516587e-01 0.000000000000000000e+00 0.000000000000000000e+00 0.000000000000000000e+00 0.000000000000000000e+00
6.500000000000000000e+03 2.788633795371000171e+08 5.404158541130903177e+04 5.158575784985259816e-01 1.000000000000000000e+00 1.012825000000000010e-02 1.012825000000000010e-02 4.476271241750000271e-14
6.600000000000000000e+03 2.788634795371000171e+08 5.404158656871643325e+04 5.166548283013980836e-01 1.000000000000000000e+00 1.012825000000000010e-02 1.012825000000000010e-02 4.476271241750000271e-14
6.700000000000000000e+03 2.788635795371000171e+08 5.404158772612384200e+04 5.174520781097271538e-01 1.000000000000000000e+00 1.012825000000000010e-02 1.012825000000000010e-02 4.476271241750000271e-14
6.800000000000000000e+03 2.788636795371000171e+08 5.404158888353125076e+04 5.182493279176014767e-01 1.000000000000000000e+00 1.012825000000000010e-02 1.012825000000000010e-02 4.476271241750000271e-14
6.900000000000000000e+03 2.788637795371000171e+08 5.404159004093865951e+04 5.190465777254757995e-01 3.000000000000000000e+00 3.038474999999999857e-02 1.754264359175999877e-02 1.342881372524999892e-13
7.000000000000000000e+03 2.788638795371000171e+08 5.404159119834606827e+04 5.198438275333501224e-01 2.000000000000000000e+00 2.025650000000000020e-02 1.432350851310999935e-02 8.952542483500000542e-14
7.100000000000000000e+03 2.788639795371000171e+08 5.404159235575346975e+04 5.206410773366769718e-01 1.000000000000000000e+00 1.012825000000000010e-02 1.012825000000000010e-02 4.476271241750000271e-14
7.200000000000000000e+03 2.788640795371000171e+08 5.404159351316087850e+04 5.214383271445512946e-01 0.000000000000000000e+00 0.000000000000000000e+00 0.000000000000000000e+00 0.000000000000000000e+00
7.300000000000000000e+03 2.788641795371000171e+08 5.404159467056828726e+04 5.222355769524256175e-01 1.000000000000000000e+00 1.012825000000000010e-02 1.012825000000000010e-02 4.476271241750000271e-14
7.400000000000000000e+03 2.788642795371000171e+08 5.404159582797569601e+04 5.230328267602999404e-01 1.000000000000000000e+00 1.012825000000000010e-02 1.012825000000000010e-02 4.476271241750000271e-14
7.500000000000000000e+03 2.788643795371000171e+08 5.404159698538310477e+04 5.238300765686290106e-01 1.000000000000000000e+00 1.012825000000000010e-02 1.012825000000000010e-02 4.476271241750000271e-14
7.600000000000000000e+03 2.788644795371000171e+08 5.404159814279050624e+04 5.246273263715011126e-01 2.000000000000000000e+00 2.025650000000000020e-02 1.432350851310999935e-02 8.952542483500000542e-14
7.700000000000000000e+03 2.788645795371000171e+08 5.404159930019791500e+04 5.254245761793754355e-01 0.000000000000000000e+00 0.000000000000000000e+00 0.000000000000000000e+00 0.000000000000000000e+00
7.800000000000000000e+03 2.788646795371000171e+08 5.404160045760532375e+04 5.262218259872497583e-01 0.000000000000000000e+00 0.000000000000000000e+00 0.000000000000000000e+00 0.000000000000000000e+00
7.900000000000000000e+03 2.788647795371000171e+08 5.404160161501273251e+04 5.270190757955788285e-01 1.000000000000000000e+00 1.012825000000000010e-02 1.012825000000000010e-02 4.476271241750000271e-14
8.000000000000000000e+03 2.788648795371000171e+08 5.404160277242014126e+04 5.278163256034531514e-01 1.000000000000000000e+00 1.012825000000000010e-02 1.012825000000000010e-02 4.476271241750000271e-14
8.100000000000000000e+03 2.788649795371000171e+08 5.404160392982754274e+04 5.286135754063252534e-01 1.000000000000000000e+00 1.012825000000000010e-02 1.012825000000000010e-02 4.476271241750000271e-14
8.200000000000000000e+03 2.788650795371000171e+08 5.404160508723495150e+04 5.294108252141995763e-01 0.000000000000000000e+00 0.000000000000000000e+00 0.000000000000000000e+00 0.000000000000000000e+00
8.300000000000000000e+03 2.788651795371000171e+08 5.404160624464236025e+04 5.302080750225286465e-01 0.000000000000000000e+00 0.000000000000000000e+00 0.000000000000000000e+00 0.000000000000000000e+00
8.400000000000000000e+03 2.788652795371000171e+08 5.404160740204976901e+04 5.310053248304029694e-01 1.000000000000000000e+00 1.012825000000000010e-02 1.012825000000000010e-02 4.476271241750000271e-14
8.500000000000000000e+03 2.788653795371000171e+08 5.404160855945717776e+04 5.318025746382772923e-01 1.000000000000000000e+00 1.012825000000000010e-02 1.012825000000000010e-02 4.476271241750000271e-14
8.600000000000000000e+03 2.788654795371000171e+08 5.404160971686458652e+04 5.325998244466063625e-01 2.000000000000000000e+00 2.025650000000000020e-02 1.432350851310999935e-02 8.952542483500000542e-14
8.700000000000000000e+03 2.788655795371000171e+08 5.404161087427198800e+04 5.333970742494784645e-01 2.000000000000000000e+00 2.025650000000000020e-02 1.432350851310999935e-02 8.952542483500000542e-14
8.800000000000000000e+03 2.788656795371000171e+08 5.404161203167939675e+04 5.341943240573527873e-01 1.000000000000000000e+00 1.012825000000000010e-02 1.012825000000000010e-02 4.476271241750000271e-14
8.900000000000000000e+03 2.788657795371000171e+08 5.404161318908680551e+04 5.349915738652271102e-01 2.000000000000000000e+00 2.025650000000000020e-02 1.432350851310999935e-02 8.952542483500000542e-14
9.000000000000000000e+03 2.788658795371000171e+08 5.404161434649421426e+04 5.357888236735561804e-01 1.000000000000000000e+00 1.012825000000000010e-02 1.012825000000000010e-02 4.476271241750000271e-14
9.100000000000000000e+03 2.788659795371000171e+08 5.404161550390162301e+04 5.365860734814305033e-01 2.000000000000000000e+00 2.025650000000000020e-02 1.432350851310999935e-02 8.952542483500000542e-14
9.200000000000000000e+03 2.788660795371000171e+08 5.404161666130903177e+04 5.373833232893048262e-01 0.000000000000000000e+00 0.000000000000000000e+00 0.000000000000000000e+00 0.000000000000000000e+00
9.300000000000000000e+03 2.788661795371000171e+08 5.404161781871643325e+04 5.381805730921769282e-01 1.000000000000000000e+00 1.012825000000000010e-02 1.012825000000000010e-02 4.476271241750000271e-14
9.400000000000000000e+03 2.788662795371000171e+08 5.404161897612384200e+04 5.389778229005059984e-01 1.000000000000000000e+00 1.012825000000000010e-02 1.012825000000000010e-02 4.476271241750000271e-14
9.500000000000000000e+03 2.788663795371000171e+08 5.404162013353125076e+04 5.397750727083803213e-01 0.000000000000000000e+00 0.000000000000000000e+00 0.000000000000000000e+00 0.000000000000000000e+00
9.600000000000000000e+03 2.788664795371000171e+08 5.404162129093865951e+04 5.405723225162546441e-01 1.000000000000000000e+00 1.012825000000000010e-02 1.012825000000000010e-02 4.476271241750000271e-14
9.700000000000000000e+03 2.788665795371000171e+08 5.404162244834606827e+04 5.413695723241289670e-01 0.000000000000000000e+00 0.000000000000000000e+00 0.000000000000000000e+00 0.000000000000000000e+00
9.800000000000000000e+03 2.788666795371000171e+08 5.404162360575346975e+04 5.421668221274558164e-01 0.000000000000000000e+00 0.000000000000000000e+00 0.000000000000000000e+00 0.000000000000000000e+00
9.900000000000000000e+03 2.788667795371000171e+08 5.404162476316087850e+04 5.429640719353301392e-01 1.000000000000000000e+00 1.012825000000000010e-02 1.012825000000000010e-02 4.476271241750000271e-14
1.000000000000000000e+04 2.788668795371000171e+08 5.404162592056828726e+04 5.437613217432044621e-01 1.000000000000000000e+00 1.012825000000000010e-02 1.012825000000000010e-02 4.476271241750000271e-14
1.010000000000000000e+04 2.788669795371000171e+08 5.404162707797569601e+04 5.445585715510787850e-01 3.000000000000000000e+00 3.038474999999999857e-02 1.754264359175999877e-02 1.342881372524999892e-13
1.020000000000000000e+04 2.788670795371000171e+08 5.404162823538310477e+04 5.453558213594078552e-01 1.000000000000000000e+00 1.012825000000000010e-02 1.012825000000000010e-02 4.476271241750000271e-14
1.030000000000000000e+04 2.788671795371000171e+08 5.404162939279050624e+04 5.461530711622799572e-01 0.000000000000000000e+00 0.000000000000000000e+00 0.000000000000000000e+00 0.000000000000000000e+00
1.040000000000000000e+04 2.788672795371000171e+08 5.404163055019791500e+04 5.469503209701542801e-01 0.000000000000000000e+00 0.000000000000000000e+00 0.000000000000000000e+00 0.000000000000000000e+00
1.050000000000000000e+04 2.788673795371000171e+08 5.404163170760532375e+04 5.477475707780286029e-01 0.000000000000000000e+00 0.000000000000000000e+00 0.000000000000000000e+00 0.000000000000000000e+00
1.060000000000000000e+04 2.788674795371000171e+08 5.404163286501273251e+04 5.485448205863576732e-01 2.000000000000000000e+00 2.025650000000000020e-02 1.432350851310999935e-02 8.952542483500000542e-14
1.070000000000000000e+04 2.788675795371000171e+08 5.404163402242014126e+04 5.493420703942319960e-01 0.000000000000000000e+00 0.000000000000000000e+00 0.000000000000000000e+00 0.000000000000000000e+00
1.080000000000000000e+04 2.788676795371000171e+08 5.404163517982754274e+04 5.501393201971040980e-01 1.000000000000000000e+00 1.012825000000000010e-02 1.012825000000000010e-02 4.476271241750000271e-14
1.090000000000000000e+04 2.788677795371000171e+08 5.404163633723495150e+04 5.509365700049784209e-01 0.000000000000000000e+00 0.000000000000000000e+00 0.000000000000000000e+00 0.000000000000000000e+00
1.100000000000000000e+04 2.788678795371000171e+08 5.404163749464236025e+04 5.517338198133074911e-01 1.000000000000000000e+00 1.012825000000000010e-02 1.012825000000000010e-02 4.476271241750000271e-14
1.110000000000000000e+04 2.788679795371000171e+08 5.404163865204976901e+04 5.525310696211818140e-01 2.000000000000000000e+00 2.025650000000000020e-02 1.432350851310999935e-02 8.952542483500000542e-14
1.120000000000000000e+04 2.788680795371000171e+08 5.404163980945717776e+04 5.533283194290561369e-01 0.000000000000000000e+00 0.000000000000000000e+00 0.000000000000000000e+00 0.000000000000000000e+00
1.130000000000000000e+04 2.788681795371000171e+08 5.404164096686458652e+04 5.541255692369304597e-01 0.000000000000000000e+00 0.000000000000000000e+00 0.000000000000000000e+00 0.000000000000000000e+00
1.140000000000000000e+04 2.788682795371000171e+08 5.404164212427198800e+04 5.549228190402573091e-01 0.000000000000000000e+00 0.000000000000000000e+00 0.000000000000000000e+00 0.000000000000000000e+00
1.150000000000000000e+04 2.788683795371000171e+08 5.404164328167939675e+04 5.557200688481316320e-01 2.000000000000000000e+00 2.025650000000000020e-02 1.432350851310999935e-02 8.952542483500000542e-14
1.160000000000000000e+04 2.788684795371000171e+08 5.404164443908680551e+04 5.565173186560059548e-01 1.000000000000000000e+00 1.012825000000000010e-02 1.012825000000000010e-02 4.476271241750000271e-14
1.170000000000000000e+04 2.788685795371000171e+08 5.404164559649421426e+04 5.573145684643350251e-01 1.000000000000000000e+00 1.012825000000000010e-02 1.012825000000000010e-02 4.476271241750000271e-14
1.180000000000000000e+04 2.788686795371000171e+08 5.404164675390162301e+04 5.581118182722093479e-01 1.000000000000000000e+00 1.012825000000000010e-02 1.012825000000000010e-02 4.476271241750000271e-14
1.190000000000000000e+04 2.788687795371000171e+08 5.404164791130903177e+04 5.589090680800836708e-01 1.000000000000000000e+00 1.012825000000000010e-02 1.012825000000000010e-02 4.476271241750000271e-14
1.200000000000000000e+04 2.788688795371000171e+08 5.404164906871643325e+04 5.597063178829557728e-01 2.000000000000000000e+00 2.025650000000000020e-02 1.432350851310999935e-02 8.952542483500000542e-14
1.210000000000000000e+04 2.788689795371000171e+08 5.404165022612384200e+04 5.605035676912848430e-01 3.000000000000000000e+00 3.038474999999999857e-02 1.754264359175999877e-02 1.342881372524999892e-13
1.220000000000000000e+04 2.788690795371000171e+08 5.404165138353125076e+04 5.613008174991591659e-01 0.000000000000000000e+00 0.000000000000000000e+00 0.000000000000000000e+00 0.000000000000000000e+00
1.230000000000000000e+04 2.788691795371000171e+08 5.404165254093865951e+04 5.620980673070334888e-01 0.000000000000000000e+00 0.000000000000000000e+00 0.000000000000000000e+00 0.000000000000000000e+00
1.240000000000000000e+04 2.788692795371000171e+08 5.404165369834606827e+04 5.628953171149078116e-01 1.000000000000000000e+00 1.012825000000000010e-02 1.012825000000000010e-02 4.476271241750000271e-14
1.250000000000000000e+04 2.788693795371000171e+08 5.404165485575346975e+04 5.636925669182346610e-01 1.000000000000000000e+00 1.012825000000000010e-02 1.012825000000000010e-02 4.476271241750000271e-14
1.260000000000000000e+04 2.788694795371000171e+08 5.404165601316087850e+04 5.644898167261089839e-01 0.000000000000000000e+00 0.000000000000000000e+00 0.000000000000000000e+00 0.000000000000000000e+00
1.270000000000000000e+04 2.788695795371000171e+08 5.404165717056828726e+04 5.652870665339833067e-01 0.000000000000000000e+00 0.000000000000000000e+00 0.000000000000000000e+00 0.000000000000000000e+00
1.280000000000000000e+04 2.788696795371000171e+08 5.404165832797569601e+04 5.660843163418576296e-01 1.000000000000000000e+00 1.012825000000000010e-02 1.012825000000000010e-02 4.476271241750000271e-14
1.290000000000000000e+04 2.788697795371000171e+08 5.404165948538310477e+04 5.668815661501866998e-01 0.000000000000000000e+00 0.000000000000000000e+00 0.000000000000000000e+00 0.000000000000000000e+00
1.300000000000000000e+04 2.788698795371000171e+08 5.404166064279050624e+04 5.676788159530588018e-01 1.000000000000000000e+00 1.012825000000000010e-02 1.012825000000000010e-02 4.476271241750000271e-14
1.310000000000000000e+04 2.788699795371000171e+08 5.404166180019791500e+04 5.684760657609331247e-01 1.000000000000000000e+00 1.012825000000000010e-02 1.012825000000000010e-02 4.476271241750000271e-14
1.320000000000000000e+04 2.788700795371000171e+08 5.404166295760532375e+04 5.692733155688074476e-01 0.000000000000000000e+00 0.000000000000000000e+00 0.000000000000000000e+00 0.000000000000000000e+00
1.330000000000000000e+04 2.788701795371000171e+08 5.404166411501273251e+04 5.700705653771365178e-01 1.000000000000000000e+00 1.012825000000000010e-02 1.012825000000000010e-02 4.476271241750000271e-14
1.340000000000000000e+04 2.788702795371000171e+08 5.404166527242014126e+04 5.708678151850108407e-01 2.000000000000000000e+00 2.025650000000000020e-02 1.432350851310999935e-02 8.952542483500000542e-14
1.350000000000000000e+04 2.788703795371000171e+08 5.404166642982754274e+04 5.716650649878829427e-01 0.000000000000000000e+00 0.000000000000000000e+00 0.000000000000000000e+00 0.000000000000000000e+00
1.360000000000000000e+04 2.788704795371000171e+08 5.404166758723495150e+04 5.724623147957572655e-01 2.000000000000000000e+00 2.025650000000000020e-02 1.432350851310999935e-02 8.952542483500000542e-14
1.370000000000000000e+04 2.788705795371000171e+08 5.404166874464236025e+04 5.732595646040863357e-01 1.000000000000000000e+00 1.012825000000000010e-02 1.012825000000000010e-02 4.476271241750000271e-14
1.380000000000000000e+04 2.788706795371000171e+08 5.404166990204976901e+04 5.740568144119606586e-01 0.000000000000000000e+00 0.000000000000000000e+00 0.000000000000000000e+00 0.000000000000000000e+00
1.390000000000000000e+04 2.788707795371000171e+08 5.404167105945717776e+04 5.748540642198349815e-01 1.000000000000000000e+00 1.012825000000000010e-02 1.012825000000000010e-02 4.476271241750000271e-14
1.400000000000000000e+04 2.788708795371000171e+08 5.404167221686458652e+04 5.756513140277093044e-01 1.000000000000000000e+00 1.012825000000000010e-02 1.012825000000000010e-02 4.476271241750000271e-14
1.410000000000000000e+04 2.788709795371000171e+08 5.404167337427198800e+04 5.764485638310361537e-01 1.000000000000000000e+00 1.012825000000000010e-02 1.012825000000000010e-02 4.476271241750000271e-14
1.420000000000000000e+04 2.788710795371000171e+08 5.404167453167939675e+04 5.772458136389104766e-01 1.000000000000000000e+00 1.012825000000000010e-02 1.012825000000000010e-02 4.476271241750000271e-14
1.430000000000000000e+04 2.788711795371000171e+08 5.404167568908680551e+04 5.780430634467847995e-01 0.000000000000000000e+00 0.000000000000000000e+00 0.000000000000000000e+00 0.000000000000000000e+00
1.440000000000000000e+04 2.788712795371000171e+08 5.404167684649421426e+04 5.788403132546591223e-01 0.000000000000000000e+00 0.000000000000000000e+00 0.000000000000000000e+00 0.000000000000000000e+00
1.450000000000000000e+04 2.788713795371000171e+08 5.404167800390162301e+04 5.796375630629881925e-01 1.000000000000000000e+00 1.012825000000000010e-02 1.012825000000000010e-02 4.476271241750000271e-14
1.460000000000000000e+04 2.788714795371000171e+08 5.404167916130903177e+04 5.804348128708625154e-01 0.000000000000000000e+00 0.000000000000000000e+00 0.000000000000000000e+00 0.000000000000000000e+00
1.470000000000000000e+04 2.788715795371000171e+08 5.404168031871643325e+04 5.812320626737346174e-01 1.000000000000000000e+00 1.012825000000000010e-02 1.012825000000000010e-02 4.476271241750000271e-14
1.480000000000000000e+04 2.788716795371000171e+08 5.404168147612384200e+04 5.820293124820636876e-01 0.000000000000000000e+00 0.000000000000000000e+00 0.000000000000000000e+00 0.000000000000000000e+00
1.490000000000000000e+04 2.788717795371000171e+08 5.404168263353125076e+04 5.828265622899380105e-01 0.000000000000000000e+00 0.000000000000000000e+00 0.000000000000000000e+00 0.000000000000000000e+00
1.500000000000000000e+04 2.788718795371000171e+08 5.404168379093865951e+04 5.836238120978123334e-01 0.000000000000000000e+00 0.000000000000000000e+00 0.000000000000000000e+00 0.000000000000000000e+00
1.510000000000000000e+04 2.788719795371000171e+08 5.404168494834606827e+04 5.844210619056866562e-01 0.000000000000000000e+00 0.000000000000000000e+00 0.000000000000000000e+00 0.000000000000000000e+00
1.520000000000000000e+04 2.788720795371000171e+08 5.404168610575346975e+04 5.852183117090135056e-01 0.000000000000000000e+00 0.000000000000000000e+00 0.000000000000000000e+00 0.000000000000000000e+00
1.530000000000000000e+04 2.788721795371000171e+08 5.404168726316087850e+04 5.860155615168878285e-01 0.000000000000000000e+00 0.000000000000000000e+00 0.000000000000000000e+00 0.000000000000000000e+00
1.540000000000000000e+04 2.788722795371000171e+08 5.404168842056828726e+04 5.868128113247621513e-01 0.000000000000000000e+00 0.000000000000000000e+00 0.000000000000000000e+00 0.000000000000000000e+00
1.550000000000000000e+04 2.788723795371000171e+08 5.404168957797569601e+04 5.876100611326364742e-01 1.000000000000000000e+00 1.012825000000000010e-02 1.012825000000000010e-02 4.476271241750000271e-14
1.560000000000000000e+04 2.788724795371000171e+08 5.404169073538310477e+04 5.884073109409655444e-01 1.000000000000000000e+00 1.012825000000000010e-02 1.012825000000000010e-02 4.476271241750000271e-14
1.570000000000000000e+04 2.788725795371000171e+08 5.404169189279050624e+04 5.892045607438376464e-01 1.000000000000000000e+00 1.012825000000000010e-02 1.012825000000000010e-02 4.476271241750000271e-14
1.580000000000000000e+04 2.788726795371000171e+08 5.404169305019791500e+04 5.900018105517119693e-01 1.000000000000000000e+00 1.012825000000000010e-02 1.012825000000000010e-02 4.476271241750000271e-14
1.590000000000000000e+04 2.788727795371000171e+08 5.404169420760532375e+04 5.907990603595862922e-01 1.000000000000000000e+00 1.012825000000000010e-02 1.012825000000000010e-02 4.476271241750000271e-14
1.600000000000000000e+04 2.788728795371000171e+08 5.404169536501273251e+04 5.915963101679153624e-01 1.000000000000000000e+00 1.012825000000000010e-02 1.012825000000000010e-02 4.476271241750000271e-14
1.610000000000000000e+04 2.788729795371000171e+08 5.404169652242014126e+04 5.923935599757896853e-01 3.000000000000000000e+00 3.038474999999999857e-02 1.754264359175999877e-02 1.342881372524999892e-13
1.620000000000000000e+04 2.788730795371000171e+08 5.404169767982754274e+04 5.931908097786617873e-01 1.000000000000000000e+00 1.012825000000000010e-02 1.012825000000000010e-02 4.476271241750000271e-14
1.630000000000000000e+04 2.788731795371000171e+08 5.404169883723495150e+04 5.939880595865361101e-01 0.000000000000000000e+00 0.000000000000000000e+00 0.000000000000000000e+00 0.000000000000000000e+00
1.640000000000000000e+04 2.788732795371000171e+08 5.404169999464236025e+04 5.947853093948651804e-01 1.000000000000000000e+00 1.012825000000000010e-02 1.012825000000000010e-02 4.476271241750000271e-14
1.650000000000000000e+04 2.788733795371000171e+08 5.404170115204976901e+04 5.955825592027395032e-01 0.000000000000000000e+00 0.000000000000000000e+00 0.000000000000000000e+00 0.000000000000000000e+00
1.660000000000000000e+04 2.788734795371000171e+08 5.404170230945717776e+04 5.963798090106138261e-01 0.000000000000000000e+00 0.000000000000000000e+00 0.000000000000000000e+00 0.000000000000000000e+00
1.670000000000000000e+04 2.788735795371000171e+08 5.404170346686458652e+04 5.971770588184881490e-01 0.000000000000000000e+00 0.000000000000000000e+00 0.000000000000000000e+00 0.000000000000000000e+00
1.680000000000000000e+04 2.788736795371000171e+08 5.404170462427198800e+04 5.979743086218149983e-01 0.000000000000000000e+00 0.000000000000000000e+00 0.000000000000000000e+00 0.000000000000000000e+00
1.690000000000000000e+04 2.788737795371000171e+08 5.404170578167939675e+04 5.987715584296893212e-01 1.000000000000000000e+00 1.012825000000000010e-02 1.012825000000000010e-02 4.476271241750000271e-14
1.700000000000000000e+04 2.788738795371000171e+08 5.404170693908680551e+04 5.995688082375636441e-01 0.000000000000000000e+00 0.000000000000000000e+00 0.000000000000000000e+00 0.000000000000000000e+00
1.710000000000000000e+04 2.788739795371000171e+08 5.404170809649421426e+04 6.003660580454379669e-01 2.000000000000000000e+00 2.025650000000000020e-02 1.432350851310999935e-02 8.952542483500000542e-14
1.720000000000000000e+04 2.788740795371000171e+08 5.404170925390162301e+04 6.011633078537670372e-01 3.000000000000000000e+00 3.038474999999999857e-02 1.754264359175999877e-02 1.342881372524999892e-13
1.730000000000000000e+04 2.788741795371000171e+08 5.404171041130903177e+04 6.019605576616413600e-01 0.000000000000000000e+00 0.000000000000000000e+00 0.000000000000000000e+00 0.000000000000000000e+00
1.740000000000000000e+04 2.788742795371000171e+08 5.404171156871643325e+04 6.027578074645134620e-01 0.000000000000000000e+00 0.000000000000000000e+00 0.000000000000000000e+00 0.000000000000000000e+00
1.750000000000000000e+04 2.788743795371000171e+08 5.404171272612384200e+04 6.035550572723877849e-01 0.000000000000000000e+00 0.000000000000000000e+00 0.000000000000000000e+00 0.000000000000000000e+00
1.760000000000000000e+04 2.788744795371000171e+08 5.404171388353125076e+04 6.043523070807168551e-01 1.000000000000000000e+00 1.012825000000000010e-02 1.012825000000000010e-02 4.476271241750000271e-14
1.770000000000000000e+04 2.788745795371000171e+08 5.404171504093865951e+04 6.051495568885911780e-01 2.000000000000000000e+00 2.025650000000000020e-02 1.432350851310999935e-02 8.952542483500000542e-14
1.780000000000000000e+04 2.788746795371000171e+08 5.404171619834606827e+04 6.059468066964655009e-01 2.000000000000000000e+00 2.025650000000000020e-02 1.432350851310999935e-02 8.952542483500000542e-14
1.790000000000000000e+04 2.788747795371000171e+08 5.404171735575346975e+04 6.067440564997923502e-01 2.000000000000000000e+00 2.025650000000000020e-02 1.432350851310999935e-02 8.952542483500000542e-14
1.800000000000000000e+04 2.788748795371000171e+08 5.404171851316087850e+04 6.075413063076666731e-01 2.000000000000000000e+00 2.025650000000000020e-02 1.432350851310999935e-02 8.952542483500000542e-14
1.810000000000000000e+04 2.788749795371000171e+08 5.404171967056828726e+04 6.083385561155409960e-01 0.000000000000000000e+00 0.000000000000000000e+00 0.000000000000000000e+00 0.000000000000000000e+00
1.820000000000000000e+04 2.788750795371000171e+08 5.404172082797569601e+04 6.091358059234153188e-01 2.000000000000000000e+00 2.025650000000000020e-02 1.432350851310999935e-02 8.952542483500000542e-14
1.830000000000000000e+04 2.788751795371000171e+08 5.404172198538310477e+04 6.099330557317443890e-01 1.000000000000000000e+00 1.012825000000000010e-02 1.012825000000000010e-02 4.476271241750000271e-14
1.840000000000000000e+04 2.788752795371000171e+08 5.404172314279050624e+04 6.107303055346164911e-01 4.000000000000000000e+00 4.051300000000000040e-02 2.025650000000000020e-02 1.790508496700000108e-13
1.850000000000000000e+04 2.788753795371000171e+08 5.404172430019791500e+04 6.115275553424908139e-01 0.000000000000000000e+00 0.000000000000000000e+00 0.000000000000000000e+00 0.000000000000000000e+00
1.860000000000000000e+04 2.788754795371000171e+08 5.404172545760532375e+04 6.123248051503651368e-01 2.000000000000000000e+00 2.025650000000000020e-02 1.432350851310999935e-02 8.952542483500000542e-14
1.870000000000000000e+04 2.788755795371000171e+08 5.404172661501273251e+04 6.131220549586942070e-01 4.000000000000000000e+00 4.051300000000000040e-02 2.025650000000000020e-02 1.790508496700000108e-13
1.880000000000000000e+04 2.788756795371000171e+08 5.404172777242014126e+04 6.139193047665685299e-01 3.000000000000000000e+00 3.038474999999999857e-02 1.754264359175999877e-02 1.342881372524999892e-13
1.890000000000000000e+04 2.788757795371000171e+08 5.404172892982754274e+04 6.147165545694406319e-01 1.000000000000000000e+00 1.012825000000000010e-02 1.012825000000000010e-02 4.476271241750000271e-14
1.900000000000000000e+04 2.788758795371000171e+08 5.404173008723495150e+04 6.155138043773149548e-01 1.000000000000000000e+00 1.012825000000000010e-02 1.012825000000000010e-02 4.476271241750000271e-14
1.910000000000000000e+04 2.788759795371000171e+08 5.404173124464236025e+04 6.163110541856440250e-01 1.000000000000000000e+00 1.012825000000000010e-02 1.012825000000000010e-02 4.476271241750000271e-14
1.920000000000000000e+04 2.788760795371000171e+08 5.404173240204976901e+04 6.171083039935183479e-01 3.000000000000000000e+00 3.038474999999999857e-02 1.754264359175999877e-02 1.342881372524999892e-13
1.930000000000000000e+04 2.788761795371000171e+08 5.404173355945717776e+04 6.179055538013926707e-01 1.000000000000000000e+00 1.012825000000000010e-02 1.012825000000000010e-02 4.476271241750000271e-14
1.940000000000000000e+04 2.788762795371000171e+08 5.404173471686458652e+04 6.187028036092669936e-01 1.000000000000000000e+00 1.012825000000000010e-02 1.012825000000000010e-02 4.476271241750000271e-14
1.950000000000000000e+04 2.788763795371000171e+08 5.404173587427198800e+04 6.195000534125938429e-01 5.000000000000000000e+00 5.064124999999999877e-02 2.264745549311000111e-02 2.238135620875000072e-13
1.960000000000000000e+04 2.788764795371000171e+08 5.404173703167939675e+04 6.202973032204681658e-01 1.000000000000000000e+00 1.012825000000000010e-02 1.012825000000000010e-02 4.476271241750000271e-14
1.970000000000000000e+04 2.788765795371000171e+08 5.404173818908680551e+04 6.210945530283424887e-01 3.000000000000000000e+00 3.038474999999999857e-02 1.754264359175999877e-02 1.342881372524999892e-13
1.980000000000000000e+04 2.788766795371000171e+08 5.404173934649421426e+04 6.218918028362168116e-01 1.000000000000000000e+00 1.012825000000000010e-02 1.012825000000000010e-02 4.476271241750000271e-14
1.990000000000000000e+04 2.788767795371000171e+08 5.404174050390162301e+04 6.226890526445458818e-01 0.000000000000000000e+00 0.000000000000000000e+00 0.000000000000000000e+00 0.000000000000000000e+00
2.000000000000000000e+04 2.788768795371000171e+08 5.404174166130903177e+04 6.234863024524202046e-01 3.000000000000000000e+00 3.038474999999999857e-02 1.754264359175999877e-02 1.342881372524999892e-13
2.010000000000000000e+04 2.788769795371000171e+08 5.404174281871643325e+04 6.242835522552923067e-01 4.000000000000000000e+00 4.051300000000000040e-02 2.025650000000000020e-02 1.790508496700000108e-13
2.020000000000000000e+04 2.788770795371000171e+08 5.404174397612384200e+04 6.250808020631666295e-01 3.000000000000000000e+00 3.038474999999999857e-02 1.754264359175999877e-02 1.342881372524999892e-13
2.030000000000000000e+04 2.788771795371000171e+08 5.404174513353125076e+04 6.258780518714956997e-01 4.000000000000000000e+00 4.051300000000000040e-02 2.025650000000000020e-02 1.790508496700000108e-13
2.040000000000000000e+04 2.788772795371000171e+08 5.404174629093865951e+04 6.266753016793700226e-01 2.000000000000000000e+00 2.025650000000000020e-02 1.432350851310999935e-02 8.952542483500000542e-14
2.050000000000000000e+04 2.788773795371000171e+08 5.404174744834606827e+04 6.274725514872443455e-01 4.000000000000000000e+00 4.051300000000000040e-02 2.025650000000000020e-02 1.790508496700000108e-13
2.060000000000000000e+04 2.788774795371000171e+08 5.404174860575346975e+04 6.282698012905711948e-01 4.000000000000000000e+00 4.051300000000000040e-02 2.025650000000000020e-02 1.790508496700000108e-13
2.070000000000000000e+04 2.788775795371000171e+08 5.404174976316087850e+04 6.290670510984455177e-01 6.000000000000000000e+00 6.076949999999999713e-02 2.480904448734000053e-02 2.685762745049999784e-13
2.080000000000000000e+04 2.788776795371000171e+08 5.404175092056828726e+04 6.298643009063198406e-01 3.000000000000000000e+00 3.038474999999999857e-02 1.754264359175999877e-02 1.342881372524999892e-13
2.090000000000000000e+04 2.788777795371000171e+08 5.404175207797569601e+04 6.306615507141941634e-01 3.000000000000000000e+00 3.038474999999999857e-02 1.754264359175999877e-02 1.342881372524999892e-13
2.100000000000000000e+04 2.788778795371000171e+08 5.404175323538310477e+04 6.314588005225232337e-01 2.000000000000000000e+00 2.025650000000000020e-02 1.432350851310999935e-02 8.952542483500000542e-14
2.110000000000000000e+04 2.788779795371000171e+08 5.404175439279050624e+04 6.322560503253953357e-01 0.000000000000000000e+00 0.000000000000000000e+00 0.000000000000000000e+00 0.000000000000000000e+00
2.120000000000000000e+04 2.788780795371000171e+08 5.404175555019791500e+04 6.330533001332696585e-01 3.000000000000000000e+00 3.038474999999999857e-02 1.754264359175999877e-02 1.342881372524999892e-13
2.130000000000000000e+04 2.788781795371000171e+08 5.404175670760532375e+04 6.338505499411439814e-01 1.000000000000000000e+00 1.012825000000000010e-02 1.012825000000000010e-02 4.476271241750000271e-14
2.140000000000000000e+04 2.788782795371000171e+08 5.404175786501273251e+04 6.346477997494730516e-01 1.000000000000000000e+00 1.012825000000000010e-02 1.012825000000000010e-02 4.476271241750000271e-14
2.150000000000000000e+04 2.788783795371000171e+08 5.404175902242014126e+04 6.354450495573473745e-01 2.000000000000000000e+00 2.025650000000000020e-02 1.432350851310999935e-02 8.952542483500000542e-14
2.160000000000000000e+04 2.788784795371000171e+08 5.404176017982754274e+04 6.362422993602194765e-01 4.000000000000000000e+00 4.051300000000000040e-02 2.025650000000000020e-02 1.790508496700000108e-13
2.170000000000000000e+04 2.788785795371000171e+08 5.404176133723495150e+04 6.370395491680937994e-01 7.000000000000000000e+00 7.089774999999999550e-02 2.679683071629000018e-02 3.133389869224999748e-13
2.180000000000000000e+04 2.788786795371000171e+08 5.404176249464236025e+04 6.378367989764228696e-01 1.000000000000000000e+00 1.012825000000000010e-02 1.012825000000000010e-02 4.476271241750000271e-14
2.190000000000000000e+04 2.788787795371000171e+08 5.404176365204976901e+04 6.386340487842971925e-01 2.000000000000000000e+00 2.025650000000000020e-02 1.432350851310999935e-02 8.952542483500000542e-14
2.200000000000000000e+04 2.788788795371000171e+08 5.404176480945717776e+04 6.394312985921715153e-01 7.000000000000000000e+00 7.089774999999999550e-02 2.679683071629000018e-02 3.133389869224999748e-13
2.210000000000000000e+04 2.788789795371000171e+08 5.404176596686458652e+04 6.402285484000458382e-01 1.000000000000000000e+00 1.012825000000000010e-02 1.012825000000000010e-02 4.476271241750000271e-14
2.220000000000000000e+04 2.788790795371000171e+08 5.404176712427198800e+04 6.410257982033726876e-01 3.000000000000000000e+00 3.038474999999999857e-02 1.754264359175999877e-02 1.342881372524999892e-13
2.230000000000000000e+04 2.788791795371000171e+08 5.404176828167939675e+04 6.418230480112470104e-01 2.000000000000000000e+00 2.025650000000000020e-02 1.432350851310999935e-02 8.952542483500000542e-14
2.240000000000000000e+04 2.788792795371000171e+08 5.404176943908680551e+04 6.426202978191213333e-01 3.000000000000000000e+00 3.038474999999999857e-02 1.754264359175999877e-02 1.342881372524999892e-13
2.250000000000000000e+04 2.788793795371000171e+08 5.404177059649421426e+04 6.434175476269956562e-01 5.000000000000000000e+00 5.064124999999999877e-02 2.264745549311000111e-02 2.238135620875000072e-13
2.260000000000000000e+04 2.788794795371000171e+08 5.404177175390162301e+04 6.442147974353247264e-01 5.000000000000000000e+00 5.064124999999999877e-02 2.264745549311000111e-02 2.238135620875000072e-13
2.270000000000000000e+04 2.788795795371000171e+08 5.404177291130903177e+04 6.450120472431990493e-01 7.000000000000000000e+00 7.089774999999999550e-02 2.679683071629000018e-02 3.133389869224999748e-13
2.280000000000000000e+04 2.788796795371000171e+08 5.404177406871643325e+04 6.458092970460711513e-01 6.000000000000000000e+00 6.076949999999999713e-02 2.480904448734000053e-02 2.685762745049999784e-13
2.290000000000000000e+04 2.788797795371000171e+08 5.404177522612384200e+04 6.466065468539454741e-01 2.000000000000000000e+00 2.025650000000000020e-02 1.432350851310999935e-02 8.952542483500000542e-14
2.300000000000000000e+04 2.788798795371000171e+08 5.404177638353125076e+04 6.474037966622745444e-01 9.000000000000000000e+00 9.115425000000000610e-02 3.038474999999999857e-02 4.028644117575000181e-13
2.310000000000000000e+04 2.788799795371000171e+08 5.404177754093865951e+04 6.482010464701488672e-01 5.000000000000000000e+00 5.064124999999999877e-02 2.264745549311000111e-02 2.238135620875000072e-13
2.320000000000000000e+04 2.788800795371000171e+08 5.404177869834606827e+04 6.489982962780231901e-01 5.000000000000000000e+00 5.064124999999999877e-02 2.264745549311000111e-02 2.238135620875000072e-13
2.330000000000000000e+04 2.788801795371000171e+08 5.404177985575346975e+04 6.497955460808952921e-01 2.000000000000000000e+00 2.025650000000000020e-02 1.432350851310999935e-02 8.952542483500000542e-14
2.340000000000000000e+04 2.788802795371000171e+08 5.404178101316087850e+04 6.505927958892243623e-01 4.000000000000000000e+00 4.051300000000000040e-02 2.025650000000000020e-02 1.790508496700000108e-13
2.350000000000000000e+04 2.788803795371000171e+08 5.404178217056828726e+04 6.513900456970986852e-01 4.000000000000000000e+00 4.051300000000000040e-02 2.025650000000000020e-02 1.790508496700000108e-13
2.360000000000000000e+04 2.788804795371000171e+08 5.404178332797569601e+04 6.521872955049730081e-01 6.000000000000000000e+00 6.076949999999999713e-02 2.480904448734000053e-02 2.685762745049999784e-13
2.370000000000000000e+04 2.788805795371000171e+08 5.404178448538310477e+04 6.529845453133020783e-01 4.000000000000000000e+00 4.051300000000000040e-02 2.025650000000000020e-02 1.790508496700000108e-13
2.380000000000000000e+04 2.788806795371000171e+08 5.404178564279050624e+04 6.537817951161741803e-01 2.000000000000000000e+00 2.025650000000000020e-02 1.432350851310999935e-02 8.952542483500000542e-14
2.390000000000000000e+04 2.788807795371000171e+08 5.404178680019791500e+04 6.545790449240485032e-01 4.000000000000000000e+00 4.051300000000000040e-02 2.025650000000000020e-02 1.790508496700000108e-13
2.400000000000000000e+04 2.788808795371000171e+08 5.404178795760532375e+04 6.553762947319228260e-01 7.000000000000000000e+00 7.089774999999999550e-02 2.679683071629000018e-02 3.133389869224999748e-13
2.410000000000000000e+04 2.788809795371000171e+08 5.404178911501273251e+04 6.561735445402518963e-01 5.000000000000000000e+00 5.064124999999999877e-02 2.264745549311000111e-02 2.238135620875000072e-13
2.420000000000000000e+04 2.788810795371000171e+08 5.404179027242014126e+04 6.569707943481262191e-01 7.000000000000000000e+00 7.089774999999999550e-02 2.679683071629000018e-02 3.133389869224999748e-13
2.430000000000000000e+04 2.788811795371000171e+08 5.404179142982754274e+04 6.577680441509983211e-01 2.000000000000000000e+00 2.025650000000000020e-02 1.432350851310999935e-02 8.952542483500000542e-14
2.440000000000000000e+04 2.788812795371000171e+08 5.404179258723495150e+04 6.585652939588726440e-01 8.000000000000000000e+00 8.102600000000000080e-02 2.864701702620999976e-02 3.581016993400000217e-13
2.450000000000000000e+04 2.788813795371000171e+08 5.404179374464236025e+04 6.593625437672017142e-01 7.000000000000000000e+00 7.089774999999999550e-02 2.679683071629000018e-02 3.133389869224999748e-13
2.460000000000000000e+04 2.788814795371000171e+08 5.404179490204976901e+04 6.601597935750760371e-01 5.000000000000000000e+00 5.064124999999999877e-02 2.264745549311000111e-02 2.238135620875000072e-13
2.470000000000000000e+04 2.788815795371000171e+08 5.404179605945717776e+04 6.609570433829503600e-01 6.000000000000000000e+00 6.076949999999999713e-02 2.480904448734000053e-02 2.685762745049999784e-13
2.480000000000000000e+04 2.788816795371000171e+08 5.404179721686458652e+04 6.617542931908246828e-01 7.000000000000000000e+00 7.089774999999999550e-02 2.679683071629000018e-02 3.133389869224999748e-13
2.490000000000000000e+04 2.788817795371000171e+08 5.404179837427198800e+04 6.625515429941515322e-01 5.000000000000000000e+00 5.064124999999999877e-02 2.264745549311000111e-02 2.238135620875000072e-13
2.500000000000000000e+04 2.788818795371000171e+08 5.404179953167939675e+04 6.633487928020258551e-01 6.000000000000000000e+00 6.076949999999999713e-02 2.480904448734000053e-02 2.685762745049999784e-13
2.510000000000000000e+04 2.788819795371000171e+08 5.404180068908680551e+04 6.641460426099001779e-01 2.000000000000000000e+00 2.025650000000000020e-02 1.432350851310999935e-02 8.952542483500000542e-14
2.520000000000000000e+04 2.788820795371000171e+08 5.404180184649421426e+04 6.649432924177745008e-01 4.000000000000000000e+00 4.051300000000000040e-02 2.025650000000000020e-02 1.790508496700000108e-13
2.530000000000000000e+04 2.788821795371000171e+08 5.404180300390162301e+04 6.657405422261035710e-01 6.000000000000000000e+00 6.076949999999999713e-02 2.480904448734000053e-02 2.685762745049999784e-13
2.540000000000000000e+04 2.788822795371000171e+08 5.404180416130903177e+04 6.665377920339778939e-01 8.000000000000000000e+00 8.102600000000000080e-02 2.864701702620999976e-02 3.581016993400000217e-13
2.550000000000000000e+04 2.788823795371000171e+08 5.404180531871643325e+04 6.673350418368499959e-01 8.000000000000000000e+00 8.102600000000000080e-02 2.864701702620999976e-02 3.581016993400000217e-13
2.560000000000000000e+04 2.788824795371000171e+08 5.404180647612384200e+04 6.681322916447243188e-01 3.000000000000000000e+00 3.038474999999999857e-02 1.754264359175999877e-02 1.342881372524999892e-13
2.570000000000000000e+04 2.788825795371000171e+08 5.404180763353125076e+04 6.689295414530533890e-01 5.000000000000000000e+00 5.064124999999999877e-02 2.264745549311000111e-02 2.238135620875000072e-13
2.580000000000000000e+04 2.788826795371000171e+08 5.404180879093865951e+04 6.697267912609277118e-01 4.000000000000000000e+00 4.051300000000000040e-02 2.025650000000000020e-02 1.790508496700000108e-13
2.590000000000000000e+04 2.788827795371000171e+08 5.404180994834606827e+04 6.705240410688020347e-01 3.000000000000000000e+00 3.038474999999999857e-02 1.754264359175999877e-02 1.342881372524999892e-13
2.600000000000000000e+04 2.788828795371000171e+08 5.404181110575346975e+04 6.713212908716741367e-01 3.000000000000000000e+00 3.038474999999999857e-02 1.754264359175999877e-02 1.342881372524999892e-13
2.610000000000000000e+04 2.788829795371000171e+08 5.404181226316087850e+04 6.721185406800032069e-01 2.000000000000000000e+00 2.025650000000000020e-02 1.432350851310999935e-02 8.952542483500000542e-14
2.620000000000000000e+04 2.788830795371000171e+08 5.404181342056828726e+04 6.729157904878775298e-01 3.000000000000000000e+00 3.038474999999999857e-02 1.754264359175999877e-02 1.342881372524999892e-13
2.630000000000000000e+04 2.788831795371000171e+08 5.404181457797569601e+04 6.737130402957518527e-01 5.000000000000000000e+00 5.064124999999999877e-02 2.264745549311000111e-02 2.238135620875000072e-13
2.640000000000000000e+04 2.788832795371000171e+08 5.404181573538310477e+04 6.745102901040809229e-01 2.000000000000000000e+00 2.025650000000000020e-02 1.432350851310999935e-02 8.952542483500000542e-14
2.650000000000000000e+04 2.788833795371000171e+08 5.404181689279050624e+04 6.753075399069530249e-01 3.000000000000000000e+00 3.038474999999999857e-02 1.754264359175999877e-02 1.342881372524999892e-13
2.660000000000000000e+04 2.788834795371000171e+08 5.404181805019791500e+04 6.761047897148273478e-01 3.000000000000000000e+00 3.038474999999999857e-02 1.754264359175999877e-02 1.342881372524999892e-13
2.670000000000000000e+04 2.788835795371000171e+08 5.404181920760532375e+04 6.769020395227016706e-01 6.000000000000000000e+00 6.076949999999999713e-02 2.480904448734000053e-02 2.685762745049999784e-13
2.680000000000000000e+04 2.788836795371000171e+08 5.404182036501273251e+04 6.776992893310307409e-01 8.000000000000000000e+00 8.102600000000000080e-02 2.864701702620999976e-02 3.581016993400000217e-13
2.690000000000000000e+04 2.788837795371000171e+08 5.404182152242014126e+04 6.784965391389050637e-01 3.000000000000000000e+00 3.038474999999999857e-02 1.754264359175999877e-02 1.342881372524999892e-13
2.700000000000000000e+04 2.788838795371000171e+08 5.404182267982754274e+04 6.792937889417771657e-01 6.000000000000000000e+00 6.076949999999999713e-02 2.480904448734000053e-02 2.685762745049999784e-13
2.710000000000000000e+04 2.788839795371000171e+08 5.404182383723495150e+04 6.800910387496514886e-01 3.000000000000000000e+00 3.038474999999999857e-02 1.754264359175999877e-02 1.342881372524999892e-13
2.720000000000000000e+04 2.788840795371000171e+08 5.404182499464236025e+04 6.808882885579805588e-01 4.000000000000000000e+00 4.051300000000000040e-02 2.025650000000000020e-02 1.790508496700000108e-13
2.730000000000000000e+04 2.788841795371000171e+08 5.404182615204976901e+04 6.816855383658548817e-01 1.000000000000000000e+00 1.012825000000000010e-02 1.012825000000000010e-02 4.476271241750000271e-14
2.740000000000000000e+04 2.788842795371000171e+08 5.404182730945717776e+04 6.824827881737292046e-01 8.000000000000000000e+00 8.102600000000000080e-02 2.864701702620999976e-02 3.581016993400000217e-13
2.750000000000000000e+04 2.788843795371000171e+08 5.404182846686458652e+04 6.832800379816035274e-01 4.000000000000000000e+00 4.051300000000000040e-02 2.025650000000000020e-02 1.790508496700000108e-13
2.760000000000000000e+04 2.788844795371000171e+08 5.404182962427198800e+04 6.840772877849303768e-01 3.000000000000000000e+00 3.038474999999999857e-02 1.754264359175999877e-02 1.342881372524999892e-13
2.770000000000000000e+04 2.788845795371000171e+08 5.404183078167939675e+04 6.848745375928046997e-01 6.000000000000000000e+00 6.076949999999999713e-02 2.480904448734000053e-02 2.685762745049999784e-13
2.780000000000000000e+04 2.788846795371000171e+08 5.404183193908680551e+04 6.856717874006790225e-01 3.000000000000000000e+00 3.038474999999999857e-02 1.754264359175999877e-02 1.342881372524999892e-13
2.790000000000000000e+04 2.788847795371000171e+08 5.404183309649421426e+04 6.864690372085533454e-01 3.000000000000000000e+00 3.038474999999999857e-02 1.754264359175999877e-02 1.342881372524999892e-13
2.800000000000000000e+04 2.788848795371000171e+08 5.404183425390162301e+04 6.872662870168824156e-01 5.000000000000000000e+00 5.064124999999999877e-02 2.264745549311000111e-02 2.238135620875000072e-13
2.810000000000000000e+04 2.788849795371000171e+08 5.404183541130903177e+04 6.880635368247567385e-01 4.000000000000000000e+00 4.051300000000000040e-02 2.025650000000000020e-02 1.790508496700000108e-13
2.820000000000000000e+04 2.788850795371000171e+08 5.404183656871643325e+04 6.888607866276288405e-01 2.000000000000000000e+00 2.025650000000000020e-02 1.432350851310999935e-02 8.952542483500000542e-14
2.830000000000000000e+04 2.788851795371000171e+08 5.404183772612384200e+04 6.896580364355031634e-01 2.000000000000000000e+00 2.025650000000000020e-02 1.432350851310999935e-02 8.952542483500000542e-14
2.840000000000000000e+04 2.788852795371000171e+08 5.404183888353125076e+04 6.904552862438322336e-01 7.000000000000000000e+00 7.089774999999999550e-02 2.679683071629000018e-02 3.133389869224999748e-13
2.850000000000000000e+04 2.788853795371000171e+08 5.404184004093865951e+04 6.912525360517065565e-01 5.000000000000000000e+00 5.064124999999999877e-02 2.264745549311000111e-02 2.238135620875000072e-13
2.860000000000000000e+04 2.788854795371000171e+08 5.404184119834606827e+04 6.920497858595808793e-01 5.000000000000000000e+00 5.064124999999999877e-02 2.264745549311000111e-02 2.238135620875000072e-13
2.870000000000000000e+04 2.788855795371000171e+08 5.404184235575346975e+04 6.928470356624529813e-01 1.300000000000000000e+01 1.316672500000000134e-01 3.651792470571999655e-02 5.819152614275000542e-13
2.880000000000000000e+04 2.788856795371000171e+08 5.404184351316087850e+04 6.936442854707820516e-01 3.000000000000000000e+00 3.038474999999999857e-02 1.754264359175999877e-02 1.342881372524999892e-13
2.890000000000000000e+04 2.788857795371000171e+08 5.404184467056828726e+04 6.944415352786563744e-01 6.000000000000000000e+00 6.076949999999999713e-02 2.480904448734000053e-02 2.685762745049999784e-13
2.900000000000000000e+04 2.788858795371000171e+08 5.404184582797569601e+04 6.952387850865306973e-01 5.000000000000000000e+00 5.064124999999999877e-02 2.264745549311000111e-02 2.238135620875000072e-13
2.910000000000000000e+04 2.788859795371000171e+08 5.404184698538310477e+04 6.960360348944050202e-01 6.000000000000000000e+00 6.076949999999999713e-02 2.480904448734000053e-02 2.685762745049999784e-13
2.920000000000000000e+04 2.788860795371000171e+08 5.404184814279050624e+04 6.968332846977318695e-01 1.100000000000000000e+01 1.114107500000000028e-01 3.359160503291999667e-02 4.923898365925000614e-13
2.930000000000000000e+04 2.788861795371000171e+08 5.404184930019791500e+04 6.976305345056061924e-01 6.000000000000000000e+00 6.076949999999999713e-02 2.480904448734000053e-02 2.685762745049999784e-13
2.940000000000000000e+04 2.788862795371000171e+08 5.404185045760532375e+04 6.984277843134805153e-01 4.000000000000000000e+00 4.051300000000000040e-02 2.025650000000000020e-02 1.790508496700000108e-13
2.950000000000000000e+04 2.788863795371000171e+08 5.404185161501273251e+04 6.992250341218095855e-01 6.000000000000000000e+00 6.076949999999999713e-02 2.480904448734000053e-02 2.685762745049999784e-13
2.960000000000000000e+04 2.788864795371000171e+08 5.404185277242014126e+04 7.000222839296839084e-01 3.000000000000000000e+00 3.038474999999999857e-02 1.754264359175999877e-02 1.342881372524999892e-13
2.970000000000000000e+04 2.788865795371000171e+08 5.404185392982754274e+04 7.008195337325560104e-01 5.000000000000000000e+00 5.064124999999999877e-02 2.264745549311000111e-02 2.238135620875000072e-13
2.980000000000000000e+04 2.788866795371000171e+08 5.404185508723495150e+04 7.016167835404303332e-01 9.000000000000000000e+00 9.115425000000000610e-02 3.038474999999999857e-02 4.028644117575000181e-13
2.990000000000000000e+04 2.788867795371000171e+08 5.404185624464236025e+04 7.024140333487594035e-01 6.000000000000000000e+00 6.076949999999999713e-02 2.480904448734000053e-02 2.685762745049999784e-13
3.000000000000000000e+04 2.788868795371000171e+08 5.404185740204976901e+04 7.032112831566337263e-01 6.000000000000000000e+00 6.076949999999999713e-02 2.480904448734000053e-02 2.685762745049999784e-13
3.010000000000000000e+04 2.788869795371000171e+08 5.404185855945717776e+04 7.040085329645080492e-01 6.000000000000000000e+00 6.076949999999999713e-02 2.480904448734000053e-02 2.685762745049999784e-13
3.020000000000000000e+04 2.788870795371000171e+08 5.404185971686458652e+04 7.048057827723823721e-01 7.000000000000000000e+00 7.089774999999999550e-02 2.679683071629000018e-02 3.133389869224999748e-13
3.030000000000000000e+04 2.788871795371000171e+08 5.404186087427198800e+04 7.056030325757092214e-01 6.000000000000000000e+00 6.076949999999999713e-02 2.480904448734000053e-02 2.685762745049999784e-13
3.040000000000000000e+04 2.788872795371000171e+08 5.404186203167939675e+04 7.064002823835835443e-01 3.000000000000000000e+00 3.038474999999999857e-02 1.754264359175999877e-02 1.342881372524999892e-13
3.050000000000000000e+04 2.788873795371000171e+08 5.404186318908680551e+04 7.071975321914578672e-01 4.000000000000000000e+00 4.051300000000000040e-02 2.025650000000000020e-02 1.790508496700000108e-13
3.060000000000000000e+04 2.788874795371000171e+08 5.404186434649421426e+04 7.079947819993321900e-01 5.000000000000000000e+00 5.064124999999999877e-02 2.264745549311000111e-02 2.238135620875000072e-13
3.070000000000000000e+04 2.788875795371000171e+08 5.404186550390162301e+04 7.087920318076612602e-01 4.000000000000000000e+00 4.051300000000000040e-02 2.025650000000000020e-02 1.790508496700000108e-13
3.080000000000000000e+04 2.788876795371000171e+08 5.404186666130903177e+04 7.095892816155355831e-01 4.000000000000000000e+00 4.051300000000000040e-02 2.025650000000000020e-02 1.790508496700000108e-13
3.090000000000000000e+04 2.788877795371000171e+08 5.404186781871643325e+04 7.103865314184076851e-01 1.000000000000000000e+01 1.012824999999999975e-01 3.202833871159999762e-02 4.476271241750000145e-13
3.100000000000000000e+04 2.788878795371000171e+08 5.404186897612384200e+04 7.111837812262820080e-01 4.000000000000000000e+00 4.051300000000000040e-02 2.025650000000000020e-02 1.790508496700000108e-13
3.110000000000000000e+04 2.788879795371000171e+08 5.404187013353125076e+04 7.119810310346110782e-01 4.000000000000000000e+00 4.051300000000000040e-02 2.025650000000000020e-02 1.790508496700000108e-13
3.120000000000000000e+04 2.788880795371000171e+08 5.404187129093865951e+04 7.127782808424854011e-01 5.000000000000000000e+00 5.064124999999999877e-02 2.264745549311000111e-02 2.238135620875000072e-13
3.130000000000000000e+04 2.788881795371000171e+08 5.404187244834606827e+04 7.135755306503597239e-01 5.000000000000000000e+00 5.064124999999999877e-02 2.264745549311000111e-02 2.238135620875000072e-13
3.140000000000000000e+04 2.788882795371000171e+08 5.404187360575346975e+04 7.143727804532318260e-01 7.000000000000000000e+00 7.089774999999999550e-02 2.679683071629000018e-02 3.133389869224999748e-13
3.150000000000000000e+04 2.788883795371000171e+08 5.404187476316087850e+04 7.151700302615608962e-01 4.000000000000000000e+00 4.051300000000000040e-02 2.025650000000000020e-02 1.790508496700000108e-13
3.160000000000000000e+04 2.788884795371000171e+08 5.404187592056828726e+04 7.159672800694352190e-01 5.000000000000000000e+00 5.064124999999999877e-02 2.264745549311000111e-02 2.238135620875000072e-13
3.170000000000000000e+04 2.788885795371000171e+08 5.404187707797569601e+04 7.167645298773095419e-01 5.000000000000000000e+00 5.064124999999999877e-02 2.264745549311000111e-02 2.238135620875000072e-13
3.180000000000000000e+04 2.788886795371000171e+08 5.404187823538310477e+04 7.175617796851838648e-01 5.000000000000000000e+00 5.064124999999999877e-02 2.264745549311000111e-02 2.238135620875000072e-13
3.190000000000000000e+04 2.788887795371000171e+08 5.404187939279050624e+04 7.183590294885107141e-01 3.000000000000000000e+00 3.038474999999999857e-02 1.754264359175999877e-02 1.342881372524999892e-13
3.200000000000000000e+04 2.788888795371000171e+08 5.404188055019791500e+04 7.191562792963850370e-01 5.000000000000000000e+00 5.064124999999999877e-02 2.264745549311000111e-02 2.238135620875000072e-13
3.210000000000000000e+04 2.788889795371000171e+08 5.404188170760532375e+04 7.199535291042593599e-01 2.000000000000000000e+00 2.025650000000000020e-02 1.432350851310999935e-02 8.952542483500000542e-14
3.220000000000000000e+04 2.788890795371000171e+08 5.404188286501273251e+04 7.207507789125884301e-01 4.000000000000000000e+00 4.051300000000000040e-02 2.025650000000000020e-02 1.790508496700000108e-13
3.230000000000000000e+04 2.788891795371000171e+08 5.404188402242014126e+04 7.215480287204627530e-01 6.000000000000000000e+00 6.076949999999999713e-02 2.480904448734000053e-02 2.685762745049999784e-13
3.240000000000000000e+04 2.788892795371000171e+08 5.404188517982754274e+04 7.223452785233348550e-01 8.000000000000000000e+00 8.102600000000000080e-02 2.864701702620999976e-02 3.581016993400000217e-13
3.250000000000000000e+04 2.788893795371000171e+08 5.404188633723495150e+04 7.231425283312091778e-01 5.000000000000000000e+00 5.064124999999999877e-02 2.264745549311000111e-02 2.238135620875000072e-13
3.260000000000000000e+04 2.788894795371000171e+08 5.404188749464236025e+04 7.239397781395382481e-01 3.000000000000000000e+00 3.038474999999999857e-02 1.754264359175999877e-02 1.342881372524999892e-13
3.270000000000000000e+04 2.788895795371000171e+08 5.404188865204976901e+04 7.247370279474125709e-01 7.000000000000000000e+00 7.089774999999999550e-02 2.679683071629000018e-02 3.133389869224999748e-13
3.280000000000000000e+04 2.788896795371000171e+08 5.404188980945717776e+04 7.255342777552868938e-01 5.000000000000000000e+00 5.064124999999999877e-02 2.264745549311000111e-02 2.238135620875000072e-13
3.290000000000000000e+04 2.788897795371000171e+08 5.404189096686458652e+04 7.263315275631612167e-01 1.000000000000000000e+00 1.012825000000000010e-02 1.012825000000000010e-02 4.476271241750000271e-14
3.300000000000000000e+04 2.788898795371000171e+08 5.404189212427198800e+04 7.271287773664880660e-01 4.000000000000000000e+00 4.051300000000000040e-02 2.025650000000000020e-02 1.790508496700000108e-13
3.310000000000000000e+04 2.788899795371000171e+08 5.404189328167939675e+04 7.279260271743623889e-01 2.000000000000000000e+00 2.025650000000000020e-02 1.432350851310999935e-02 8.952542483500000542e-14
3.320000000000000000e+04 2.788900795371000171e+08 5.404189443908680551e+04 7.287232769822367118e-01 8.000000000000000000e+00 8.102600000000000080e-02 2.864701702620999976e-02 3.581016993400000217e-13
3.330000000000000000e+04 2.788901795371000171e+08 5.404189559649421426e+04 7.295205267901110346e-01 4.000000000000000000e+00 4.051300000000000040e-02 2.025650000000000020e-02 1.790508496700000108e-13
3.340000000000000000e+04 2.788902795371000171e+08 5.404189675390162301e+04 7.303177765984401049e-01 4.000000000000000000e+00 4.051300000000000040e-02 2.025650000000000020e-02 1.790508496700000108e-13
3.350000000000000000e+04 2.788903795371000171e+08 5.404189791130903177e+04 7.311150264063144277e-01 4.000000000000000000e+00 4.051300000000000040e-02 2.025650000000000020e-02 1.790508496700000108e-13
3.360000000000000000e+04 2.788904795371000171e+08 5.404189906871643325e+04 7.319122762091865297e-01 5.000000000000000000e+00 5.064124999999999877e-02 2.264745549311000111e-02 2.238135620875000072e-13
3.370000000000000000e+04 2.788905795371000171e+08 5.404190022612384200e+04 7.327095260170608526e-01 8.000000000000000000e+00 8.102600000000000080e-02 2.864701702620999976e-02 3.581016993400000217e-13
3.380000000000000000e+04 2.788906795371000171e+08 5.404190138353125076e+04 7.335067758253899228e-01 6.000000000000000000e+00 6.076949999999999713e-02 2.480904448734000053e-02 2.685762745049999784e-13
3.390000000000000000e+04 2.788907795371000171e+08 5.404190254093865951e+04 7.343040256332642457e-01 5.000000000000000000e+00 5.064124999999999877e-02 2.264745549311000111e-02 2.238135620875000072e-13
3.400000000000000000e+04 2.788908795371000171e+08 5.404190369834606827e+04 7.351012754411385686e-01 3.000000000000000000e+00 3.038474999999999857e-02 1.754264359175999877e-02 1.342881372524999892e-13
3.410000000000000000e+04 2.788909795371000171e+08 5.404190485575346975e+04 7.358985252440106706e-01 1.000000000000000000e+00 1.012825000000000010e-02 1.012825000000000010e-02 4.476271241750000271e-14
3.420000000000000000e+04 2.788910795371000171e+08 5.404190601316087850e+04 7.366957750523397408e-01 3.000000000000000000e+00 3.038474999999999857e-02 1.754264359175999877e-02 1.342881372524999892e-13
3.430000000000000000e+04 2.788911795371000171e+08 5.404190717056828726e+04 7.374930248602140637e-01 7.000000000000000000e+00 7.089774999999999550e-02 2.679683071629000018e-02 3.133389869224999748e-13
3.440000000000000000e+04 2.788912795371000171e+08 5.404190832797569601e+04 7.382902746680883865e-01 3.000000000000000000e+00 3.038474999999999857e-02 1.754264359175999877e-02 1.342881372524999892e-13
3.450000000000000000e+04 2.788913795371000171e+08 5.404190948538310477e+04 7.390875244759627094e-01 4.000000000000000000e+00 4.051300000000000040e-02 2.025650000000000020e-02 1.790508496700000108e-13
3.460000000000000000e+04 2.788914795371000171e+08 5.404191064279050624e+04 7.398847742792895588e-01 5.000000000000000000e+00 5.064124999999999877e-02 2.264745549311000111e-02 2.238135620875000072e-13
3.470000000000000000e+04 2.788915795371000171e+08 5.404191180019791500e+04 7.406820240871638816e-01 3.000000000000000000e+00 3.038474999999999857e-02 1.754264359175999877e-02 1.342881372524999892e-13
3.480000000000000000e+04 2.788916795371000171e+08 5.404191295760532375e+04 7.414792738950382045e-01 6.000000000000000000e+00 6.076949999999999713e-02 2.480904448734000053e-02 2.685762745049999784e-13
3.490000000000000000e+04 2.788917795371000171e+08 5.404191411501273251e+04 7.422765237029125274e-01 1.000000000000000000e+01 1.012824999999999975e-01 3.202833871159999762e-02 4.476271241750000145e-13
3.500000000000000000e+04 2.788918795371000171e+08 5.404191527242014126e+04 7.430737735112415976e-01 5.000000000000000000e+00 5.064124999999999877e-02 2.264745549311000111e-02 2.238135620875000072e-13
3.510000000000000000e+04 2.788919795371000171e+08 5.404191642982754274e+04 7.438710233141136996e-01 5.000000000000000000e+00 5.064124999999999877e-02 2.264745549311000111e-02 2.238135620875000072e-13
3.520000000000000000e+04 2.788920795371000171e+08 5.404191758723495150e+04 7.446682731219880225e-01 4.000000000000000000e+00 4.051300000000000040e-02 2.025650000000000020e-02 1.790508496700000108e-13
3.530000000000000000e+04 2.788921795371000171e+08 5.404191874464236025e+04 7.454655229303170927e-01 4.000000000000000000e+00 4.051300000000000040e-02 2.025650000000000020e-02 1.790508496700000108e-13
3.540000000000000000e+04 2.788922795371000171e+08 5.404191990204976901e+04 7.462627727381914156e-01 8.000000000000000000e+00 8.102600000000000080e-02 2.864701702620999976e-02 3.581016993400000217e-13
3.550000000000000000e+04 2.788923795371000171e+08 5.404192105945717776e+04 7.470600225460657384e-01 1.000000000000000000e+01 1.012824999999999975e-01 3.202833871159999762e-02 4.476271241750000145e-13
3.560000000000000000e+04 2.788924795371000171e+08 5.404192221686458652e+04 7.478572723539400613e-01 5.000000000000000000e+00 5.064124999999999877e-02 2.264745549311000111e-02 2.238135620875000072e-13
3.570000000000000000e+04 2.788925795371000171e+08 5.404192337427198800e+04 7.486545221572669107e-01 6.000000000000000000e+00 6.076949999999999713e-02 2.480904448734000053e-02 2.685762745049999784e-13
3.580000000000000000e+04 2.788926795371000171e+08 5.404192453167939675e+04 7.494517719651412335e-01 6.000000000000000000e+00 6.076949999999999713e-02 2.480904448734000053e-02 2.685762745049999784e-13
3.590000000000000000e+04 2.788927795371000171e+08 5.404192568908680551e+04 7.502490217730155564e-01 3.000000000000000000e+00 3.038474999999999857e-02 1.754264359175999877e-02 1.342881372524999892e-13
3.600000000000000000e+04 2.788928795371000171e+08 5.404192684649421426e+04 7.510462715808898793e-01 4.000000000000000000e+00 4.051300000000000040e-02 2.025650000000000020e-02 1.790508496700000108e-13
3.610000000000000000e+04 2.788929795371000171e+08 5.404192800390162301e+04 7.518435213892189495e-01 6.000000000000000000e+00 6.076949999999999713e-02 2.480904448734000053e-02 2.685762745049999784e-13
3.620000000000000000e+04 2.788930795371000171e+08 5.404192916130903177e+04 7.526407711970932723e-01 7.000000000000000000e+00 7.089774999999999550e-02 2.679683071629000018e-02 3.133389869224999748e-13
3.630000000000000000e+04 2.788931795371000171e+08 5.404193031871643325e+04 7.534380209999653744e-01 7.000000000000000000e+00 7.089774999999999550e-02 2.679683071629000018e-02 3.133389869224999748e-13
3.640000000000000000e+04 2.788932795371000171e+08 5.404193147612384200e+04 7.542352708078396972e-01 7.000000000000000000e+00 7.089774999999999550e-02 2.679683071629000018e-02 3.133389869224999748e-13
3.650000000000000000e+04 2.788933795371000171e+08 5.404193263353125076e+04 7.550325206161687674e-01 5.000000000000000000e+00 5.064124999999999877e-02 2.264745549311000111e-02 2.238135620875000072e-13
3.660000000000000000e+04 2.788934795371000171e+08 5.404193379093865951e+04 7.558297704240430903e-01 4.000000000000000000e+00 4.051300000000000040e-02 2.025650000000000020e-02 1.790508496700000108e-13
3.670000000000000000e+04 2.788935795371000171e+08 5.404193494834606827e+04 7.566270202319174132e-01 1.000000000000000000e+01 1.012824999999999975e-01 3.202833871159999762e-02 4.476271241750000145e-13
3.680000000000000000e+04 2.788936795371000171e+08 5.404193610575346975e+04 7.574242700347895152e-01 5.000000000000000000e+00 5.064124999999999877e-02 2.264745549311000111e-02 2.238135620875000072e-13
3.690000000000000000e+04 2.788937795371000171e+08 5.404193726316087850e+04 7.582215198431185854e-01 6.000000000000000000e+00 6.076949999999999713e-02 2.480904448734000053e-02 2.685762745049999784e-13
3.700000000000000000e+04 2.788938795371000171e+08 5.404193842056828726e+04 7.590187696509929083e-01 7.000000000000000000e+00 7.089774999999999550e-02 2.679683071629000018e-02 3.133389869224999748e-13
3.710000000000000000e+04 2.788939795371000171e+08 5.404193957797569601e+04 7.598160194588672312e-01 2.000000000000000000e+00 2.025650000000000020e-02 1.432350851310999935e-02 8.952542483500000542e-14
3.720000000000000000e+04 2.788940795371000171e+08 5.404194073538310477e+04 7.606132692667415540e-01 5.000000000000000000e+00 5.064124999999999877e-02 2.264745549311000111e-02 2.238135620875000072e-13
3.730000000000000000e+04 2.788941795371000171e+08 5.404194189279050624e+04 7.614105190700684034e-01 7.000000000000000000e+00 7.089774999999999550e-02 2.679683071629000018e-02 3.133389869224999748e-13
3.740000000000000000e+04 2.788942795371000171e+08 5.404194305019791500e+04 7.622077688779427262e-01 1.100000000000000000e+01 1.114107500000000028e-01 3.359160503291999667e-02 4.923898365925000614e-13
3.750000000000000000e+04 2.788943795371000171e+08 5.404194420760532375e+04 7.630050186858170491e-01 6.000000000000000000e+00 6.076949999999999713e-02 2.480904448734000053e-02 2.685762745049999784e-13
3.760000000000000000e+04 2.788944795371000171e+08 5.404194536501273251e+04 7.638022684936913720e-01 3.000000000000000000e+00 3.038474999999999857e-02 1.754264359175999877e-02 1.342881372524999892e-13
3.770000000000000000e+04 2.788945795371000171e+08 5.404194652242014126e+04 7.645995183020204422e-01 1.000000000000000000e+01 1.012824999999999975e-01 3.202833871159999762e-02 4.476271241750000145e-13
3.780000000000000000e+04 2.788946795371000171e+08 5.404194767982754274e+04 7.653967681048925442e-01 1.000000000000000000e+00 1.012825000000000010e-02 1.012825000000000010e-02 4.476271241750000271e-14
3.790000000000000000e+04 2.788947795371000171e+08 5.404194883723495150e+04 7.661940179127668671e-01 6.000000000000000000e+00 6.076949999999999713e-02 2.480904448734000053e-02 2.685762745049999784e-13
3.800000000000000000e+04 2.788948795371000171e+08 5.404194999464236025e+04 7.669912677206411900e-01 1.000000000000000000e+00 1.012825000000000010e-02 1.012825000000000010e-02 4.476271241750000271e-14
3.810000000000000000e+04 2.788949795371000171e+08 5.404195115204976901e+04 7.677885175289702602e-01 5.000000000000000000e+00 5.064124999999999877e-02 2.264745549311000111e-02 2.238135620875000072e-13
3.820000000000000000e+04 2.788950795371000171e+08 5.404195230945717776e+04 7.685857673368445830e-01 4.000000000000000000e+00 4.051300000000000040e-02 2.025650000000000020e-02 1.790508496700000108e-13
3.830000000000000000e+04 2.788951795371000171e+08 5.404195346686458652e+04 7.693830171447189059e-01 8.000000000000000000e+00 8.102600000000000080e-02 2.864701702620999976e-02 3.581016993400000217e-13
3.840000000000000000e+04 2.788952795371000171e+08 5.404195462427198800e+04 7.701802669480457553e-01 6.000000000000000000e+00 6.076949999999999713e-02 2.480904448734000053e-02 2.685762745049999784e-13
3.850000000000000000e+04 2.788953795371000171e+08 5.404195578167939675e+04 7.709775167559200781e-01 7.000000000000000000e+00 7.089774999999999550e-02 2.679683071629000018e-02 3.133389869224999748e-13
3.860000000000000000e+04 2.788954795371000171e+08 5.404195693908680551e+04 7.717747665637944010e-01 1.100000000000000000e+01 1.114107500000000028e-01 3.359160503291999667e-02 4.923898365925000614e-13
3.870000000000000000e+04 2.788955795371000171e+08 5.404195809649421426e+04 7.725720163716687239e-01 1.200000000000000000e+01 1.215389999999999943e-01 3.508528718351999753e-02 5.371525490099999568e-13
3.880000000000000000e+04 2.788956795371000171e+08 5.404195925390162301e+04 7.733692661799977941e-01 7.000000000000000000e+00 7.089774999999999550e-02 2.679683071629000018e-02 3.133389869224999748e-13
3.890000000000000000e+04 2.788957795371000171e+08 5.404196041130903177e+04 7.741665159878721170e-01 2.000000000000000000e+00 2.025650000000000020e-02 1.432350851310999935e-02 8.952542483500000542e-14
3.900000000000000000e+04 2.788958795371000171e+08 5.404196156871643325e+04 7.749637657907442190e-01 9.000000000000000000e+00 9.115425000000000610e-02 3.038474999999999857e-02 4.028644117575000181e-13
3.910000000000000000e+04 2.788959795371000171e+08 5.404196272612384200e+04 7.757610155986185418e-01 8.000000000000000000e+00 8.102600000000000080e-02 2.864701702620999976e-02 3.581016993400000217e-13
3.920000000000000000e+04 2.788960795371000171e+08 5.404196388353125076e+04 7.765582654069476121e-01 7.000000000000000000e+00 7.089774999999999550e-02 2.679683071629000018e-02 3.133389869224999748e-13
3.930000000000000000e+04 2.788961795371000171e+08 5.404196504093865951e+04 7.773555152148219349e-01 7.000000000000000000e+00 7.089774999999999550e-02 2.679683071629000018e-02 3.133389869224999748e-13
3.940000000000000000e+04 2.788962795371000171e+08 5.404196619834606827e+04 7.781527650226962578e-01 9.000000000000000000e+00 9.115425000000000610e-02 3.038474999999999857e-02 4.028644117575000181e-13
3.950000000000000000e+04 2.788963795371000171e+08 5.404196735575346975e+04 7.789500148255683598e-01 5.000000000000000000e+00 5.064124999999999877e-02 2.264745549311000111e-02 2.238135620875000072e-13
3.960000000000000000e+04 2.788964795371000171e+08 5.404196851316087850e+04 7.797472646338974300e-01 4.000000000000000000e+00 4.051300000000000040e-02 2.025650000000000020e-02 1.790508496700000108e-13
3.970000000000000000e+04 2.788965795371000171e+08 5.404196967056828726e+04 7.805445144417717529e-01 3.000000000000000000e+00 3.038474999999999857e-02 1.754264359175999877e-02 1.342881372524999892e-13
3.980000000000000000e+04 2.788966795371000171e+08 5.404197082797569601e+04 7.813417642496460758e-01 8.000000000000000000e+00 8.102600000000000080e-02 2.864701702620999976e-02 3.581016993400000217e-13
3.990000000000000000e+04 2.788967795371000171e+08 5.404197198538310477e+04 7.821390140575203986e-01 6.000000000000000000e+00 6.076949999999999713e-02 2.480904448734000053e-02 2.685762745049999784e-13
4.000000000000000000e+04 2.788968795371000171e+08 5.404197314279050624e+04 7.829362638608472480e-01 6.000000000000000000e+00 6.076949999999999713e-02 2.480904448734000053e-02 2.685762745049999784e-13
4.010000000000000000e+04 2.788969795371000171e+08 5.404197430019791500e+04 7.837335136687215709e-01 5.000000000000000000e+00 5.064124999999999877e-02 2.264745549311000111e-02 2.238135620875000072e-13
4.020000000000000000e+04 2.788970795371000171e+08 5.404197545760532375e+04 7.845307634765958937e-01 5.000000000000000000e+00 5.064124999999999877e-02 2.264745549311000111e-02 2.238135620875000072e-13
4.030000000000000000e+04 2.788971795371000171e+08 5.404197661501273251e+04 7.853280132844702166e-01 2.000000000000000000e+00 2.025650000000000020e-02 1.432350851310999935e-02 8.952542483500000542e-14
4.040000000000000000e+04 2.788972795371000171e+08 5.404197777242014126e+04 7.861252630927992868e-01 5.000000000000000000e+00 5.064124999999999877e-02 2.264745549311000111e-02 2.238135620875000072e-13
4.050000000000000000e+04 2.788973795371000171e+08 5.404197892982754274e+04 7.869225128956713888e-01 7.000000000000000000e+00 7.089774999999999550e-02 2.679683071629000018e-02 3.133389869224999748e-13
4.060000000000000000e+04 2.788974795371000171e+08 5.404198008723495150e+04 7.877197627035457117e-01 7.000000000000000000e+00 7.089774999999999550e-02 2.679683071629000018e-02 3.133389869224999748e-13
4.070000000000000000e+04 2.788975795371000171e+08 5.404198124464236025e+04 7.885170125114200346e-01 8.000000000000000000e+00 8.102600000000000080e-02 2.864701702620999976e-02 3.581016993400000217e-13
4.080000000000000000e+04 2.788976795371000171e+08 5.404198240204976901e+04 7.893142623197491048e-01 7.000000000000000000e+00 7.089774999999999550e-02 2.679683071629000018e-02 3.133389869224999748e-13
4.090000000000000000e+04 2.788977795371000171e+08 5.404198355945717776e+04 7.901115121276234277e-01 3.000000000000000000e+00 3.038474999999999857e-02 1.754264359175999877e-02 1.342881372524999892e-13
4.100000000000000000e+04 2.788978795371000171e+08 5.404198471686458652e+04 7.909087619354977505e-01 5.000000000000000000e+00 5.064124999999999877e-02 2.264745549311000111e-02 2.238135620875000072e-13
4.110000000000000000e+04 2.788979795371000171e+08 5.404198587427198800e+04 7.917060117388245999e-01 1.000000000000000000e+01 1.012824999999999975e-01 3.202833871159999762e-02 4.476271241750000145e-13
4.120000000000000000e+04 2.788980795371000171e+08 5.404198703167939675e+04 7.925032615466989228e-01 7.000000000000000000e+00 7.089774999999999550e-02 2.679683071629000018e-02 3.133389869224999748e-13
4.130000000000000000e+04 2.788981795371000171e+08 5.404198818908680551e+04 7.933005113545732456e-01 2.000000000000000000e+00 2.025650000000000020e-02 1.432350851310999935e-02 8.952542483500000542e-14
4.140000000000000000e+04 2.788982795371000171e+08 5.404198934649421426e+04 7.940977611624475685e-01 9.000000000000000000e+00 9.115425000000000610e-02 3.038474999999999857e-02 4.028644117575000181e-13
4.150000000000000000e+04 2.788983795371000171e+08 5.404199050390162301e+04 7.948950109707766387e-01 8.000000000000000000e+00 8.102600000000000080e-02 2.864701702620999976e-02 3.581016993400000217e-13
4.160000000000000000e+04 2.788984795371000171e+08 5.404199166130903177e+04 7.956922607786509616e-01 6.000000000000000000e+00 6.076949999999999713e-02 2.480904448734000053e-02 2.685762745049999784e-13
4.170000000000000000e+04 2.788985795371000171e+08 5.404199281871643325e+04 7.964895105815230636e-01 6.000000000000000000e+00 6.076949999999999713e-02 2.480904448734000053e-02 2.685762745049999784e-13
4.180000000000000000e+04 2.788986795371000171e+08 5.404199397612384200e+04 7.972867603893973865e-01 1.100000000000000000e+01 1.114107500000000028e-01 3.359160503291999667e-02 4.923898365925000614e-13
4.190000000000000000e+04 2.788987795371000171e+08 5.404199513353125076e+04 7.980840101977264567e-01 3.000000000000000000e+00 3.038474999999999857e-02 1.754264359175999877e-02 1.342881372524999892e-13
4.200000000000000000e+04 2.788988795371000171e+08 5.404199629093865951e+04 7.988812600056007796e-01 9.000000000000000000e+00 9.115425000000000610e-02 3.038474999999999857e-02 4.028644117575000181e-13
4.210000000000000000e+04 2.788989795371000171e+08 5.404199744834606827e+04 7.996785098134751024e-01 7.000000000000000000e+00 7.089774999999999550e-02 2.679683071629000018e-02 3.133389869224999748e-13
4.220000000000000000e+04 2.788990795371000171e+08 5.404199860575346975e+04 8.004757596163472044e-01 8.000000000000000000e+00 8.102600000000000080e-02 2.864701702620999976e-02 3.581016993400000217e-13
4.230000000000000000e+04 2.788991795371000171e+08 5.404199976316087850e+04 8.012730094246762746e-01 3.000000000000000000e+00 3.038474999999999857e-02 1.754264359175999877e-02 1.342881372524999892e-13
4.240000000000000000e+04 2.788992795371000171e+08 5.404200092056828726e+04 8.020702592325505975e-01 7.000000000000000000e+00 7.089774999999999550e-02 2.679683071629000018e-02 3.133389869224999748e-13
4.250000000000000000e+04 2.788993795371000171e+08 5.404200207797569601e+04 8.028675090404249204e-01 7.000000000000000000e+00 7.089774999999999550e-02 2.679683071629000018e-02 3.133389869224999748e-13
4.260000000000000000e+04 2.788994795371000171e+08 5.404200323538310477e+04 8.036647588482992433e-01 8.000000000000000000e+00 8.102600000000000080e-02 2.864701702620999976e-02 3.581016993400000217e-13
4.270000000000000000e+04 2.788995795371000171e+08 5.404200439279050624e+04 8.044620086516260926e-01 7.000000000000000000e+00 7.089774999999999550e-02 2.679683071629000018e-02 3.133389869224999748e-13
4.280000000000000000e+04 2.788996795371000171e+08 5.404200555019791500e+04 8.052592584595004155e-01 7.000000000000000000e+00 7.089774999999999550e-02 2.679683071629000018e-02 3.133389869224999748e-13
4.290000000000000000e+04 2.788997795371000171e+08 5.404200670760532375e+04 8.060565082673747384e-01 1.100000000000000000e+01 1.114107500000000028e-01 3.359160503291999667e-02 4.923898365925000614e-13
4.300000000000000000e+04 2.788998795371000171e+08 5.404200786501273251e+04 8.068537580752490612e-01 7.000000000000000000e+00 7.089774999999999550e-02 2.679683071629000018e-02 3.133389869224999748e-13
4.310000000000000000e+04 2.788999795371000171e+08 5.404200902242014126e+04 8.076510078835781314e-01 1.000000000000000000e+00 1.012825000000000010e-02 1.012825000000000010e-02 4.476271241750000271e-14
4.320000000000000000e+04 2.789000795371000171e+08 5.404201017982754274e+04 8.084482576864502335e-01 8.000000000000000000e+00 8.102600000000000080e-02 2.864701702620999976e-02 3.581016993400000217e-13
4.330000000000000000e+04 2.789001795371000171e+08 5.404201133723495150e+04 8.092455074943245563e-01 3.000000000000000000e+00 3.038474999999999857e-02 1.754264359175999877e-02 1.342881372524999892e-13
4.340000000000000000e+04 2.789002795371000171e+08 5.404201249464236025e+04 8.100427573021988792e-01 9.000000000000000000e+00 9.115425000000000610e-02 3.038474999999999857e-02 4.028644117575000181e-13
4.350000000000000000e+04 2.789003795371000171e+08 5.404201365204976901e+04 8.108400071105279494e-01 1.100000000000000000e+01 1.114107500000000028e-01 3.359160503291999667e-02 4.923898365925000614e-13
4.360000000000000000e+04 2.789004795371000171e+08 5.404201480945717776e+04 8.116372569184022723e-01 1.200000000000000000e+01 1.215389999999999943e-01 3.508528718351999753e-02 5.371525490099999568e-13
4.370000000000000000e+04 2.789005795371000171e+08 5.404201596686458652e+04 8.124345067262765951e-01 1.000000000000000000e+01 1.012824999999999975e-01 3.202833871159999762e-02 4.476271241750000145e-13
4.380000000000000000e+04 2.789006795371000171e+08 5.404201712427198800e+04 8.132317565291486972e-01 1.600000000000000000e+01 1.620520000000000016e-01 4.051300000000000040e-02 7.162033986800000434e-13
4.390000000000000000e+04 2.789007795371000171e+08 5.404201828167939675e+04 8.140290063374777674e-01 5.000000000000000000e+00 5.064124999999999877e-02 2.264745549311000111e-02 2.238135620875000072e-13
4.400000000000000000e+04 2.789008795371000171e+08 5.404201943908680551e+04 8.148262561453520902e-01 6.000000000000000000e+00 6.076949999999999713e-02 2.480904448734000053e-02 2.685762745049999784e-13
4.410000000000000000e+04 2.789009795371000171e+08 5.404202059649421426e+04 8.156235059532264131e-01 1.000000000000000000e+00 2.961753014345000143e-02 2.961753014345000143e-02 1.308973400466901924e-13
4.420000000000000000e+04 2.789010795371000171e+08 5.404202175390162301e+04 8.164207557615554833e-01 0.000000000000000000e+00 0.000000000000000000e+00 0.000000000000000000e+00 0.000000000000000000e+00
4.430000000000000000e+04 2.789011795371000171e+08 5.404202291130903177e+04 8.172180055694298062e-01 0.000000000000000000e+00 0.000000000000000000e+00 0.000000000000000000e+00 0.000000000000000000e+00
4.440000000000000000e+04 2.789012795371000171e+08 5.404202406871643325e+04 8.180152553723019082e-01 0.000000000000000000e+00 0.000000000000000000e+00 0.000000000000000000e+00 0.000000000000000000e+00
4.450000000000000000e+04 2.789013795371000171e+08 5.404202522612384200e+04 8.188125051801762311e-01 0.000000000000000000e+00 0.000000000000000000e+00 0.000000000000000000e+00 0.000000000000000000e+00
4.460000000000000000e+04 2.789014795371000171e+08 5.404202638353125076e+04 8.196097549885053013e-01 0.000000000000000000e+00 0.000000000000000000e+00 0.000000000000000000e+00 0.000000000000000000e+00
4.470000000000000000e+04 2.789015795371000171e+08 5.404202754093865951e+04 8.204070047963796242e-01 0.000000000000000000e+00 0.000000000000000000e+00 0.000000000000000000e+00 0.000000000000000000e+00
4.480000000000000000e+04 2.789016795371000171e+08 5.404202869834606827e+04 8.212042546042539470e-01 0.000000000000000000e+00 0.000000000000000000e+00 0.000000000000000000e+00 0.000000000000000000e+00
4.490000000000000000e+04 2.789017795371000171e+08 5.404202985575346975e+04 8.220015044071260490e-01 0.000000000000000000e+00 0.000000000000000000e+00 0.000000000000000000e+00 0.000000000000000000e+00
4.500000000000000000e+04 2.789018795371000171e+08 5.404203101316087850e+04 8.227987542154551193e-01 0.000000000000000000e+00 0.000000000000000000e+00 0.000000000000000000e+00 0.000000000000000000e+00
