# Columns: dt, t_raw, mjd, phase, counts, rate, rate_err, flux_t
# 
0.000000000000000000e+00 2.790704839096900225e+08 5.404398245265844889e+04 1.669967893935790926e-01 0.000000000000000000e+00 0.000000000000000000e+00 0.000000000000000000e+00 0.000000000000000000e+00
1.000000000000000000e+02 2.790705839096900225e+08 5.404398361006585765e+04 1.677940392019081628e-01 0.000000000000000000e+00 0.000000000000000000e+00 0.000000000000000000e+00 0.000000000000000000e+00
2.000000000000000000e+02 2.790706839096900225e+08 5.404398476747326640e+04 1.685912890097824857e-01 0.000000000000000000e+00 0.000000000000000000e+00 0.000000000000000000e+00 0.000000000000000000e+00
3.000000000000000000e+02 2.790707839096900225e+08 5.404398592488067516e+04 1.693885388176568085e-01 0.000000000000000000e+00 0.000000000000000000e+00 0.000000000000000000e+00 0.000000000000000000e+00
4.000000000000000000e+02 2.790708839096900225e+08 5.404398708228807664e+04 1.701857886205289105e-01 0.000000000000000000e+00 0.000000000000000000e+00 0.000000000000000000e+00 0.000000000000000000e+00
5.000000000000000000e+02 2.790709839096900225e+08 5.404398823969548539e+04 1.709830384288579808e-01 0.000000000000000000e+00 0.000000000000000000e+00 0.000000000000000000e+00 0.000000000000000000e+00
6.000000000000000000e+02 2.790710839096900225e+08 5.404398939710289415e+04 1.717802882367323036e-01 0.000000000000000000e+00 0.000000000000000000e+00 0.000000000000000000e+00 0.000000000000000000e+00
7.000000000000000000e+02 2.790711839096900225e+08 5.404399055451030290e+04 1.725775380446066265e-01 0.000000000000000000e+00 0.000000000000000000e+00 0.000000000000000000e+00 0.000000000000000000e+00
8.000000000000000000e+02 2.790712839096900225e+08 5.404399171191771165e+04 1.733747878529356967e-01 0.000000000000000000e+00 0.000000000000000000e+00 0.000000000000000000e+00 0.000000000000000000e+00
9.000000000000000000e+02 2.790713839096900225e+08 5.404399286932511313e+04 1.741720376558077987e-01 0.000000000000000000e+00 0.000000000000000000e+00 0.000000000000000000e+00 0.000000000000000000e+00
1.000000000000000000e+03 2.790714839096900225e+08 5.404399402673252189e+04 1.749692874636821216e-01 3.000000000000000000e+00 3.484073385717000038e-02 2.011530707119999969e-02 1.542489873764944677e-13
1.100000000000000000e+03 2.790715839096900225e+08 5.404399518413993064e+04 1.757665372715564445e-01 4.000000000000000000e+00 4.051300000000000040e-02 2.025650000000000020e-02 1.793615843800000007e-13
1.200000000000000000e+03 2.790716839096900225e+08 5.404399634154733940e+04 1.765637870798855147e-01 4.000000000000000000e+00 4.051300000000000040e-02 2.025650000000000020e-02 1.793615843800000007e-13
1.300000000000000000e+03 2.790717839096900225e+08 5.404399749895474815e+04 1.773610368877598376e-01 3.000000000000000000e+00 3.038474999999999857e-02 1.754264359175999877e-02 1.345211882850000006e-13
1.400000000000000000e+03 2.790718839096900225e+08 5.404399865636214963e+04 1.781582866906319396e-01 3.000000000000000000e+00 3.038474999999999857e-02 1.754264359175999877e-02 1.345211882850000006e-13
1.500000000000000000e+03 2.790719839096900225e+08 5.404399981376955839e+04 1.789555364985062624e-01 5.000000000000000000e+00 5.064124999999999877e-02 2.264745549311000111e-02 2.242019804750000009e-13
1.600000000000000000e+03 2.790720839096900225e+08 5.404400097117696714e+04 1.797527863068353327e-01 1.000000000000000000e+00 1.012825000000000010e-02 1.012825000000000010e-02 4.484039609500000019e-14
1.700000000000000000e+03 2.790721839096900225e+08 5.404400212858437590e+04 1.805500361147096555e-01 2.000000000000000000e+00 2.025650000000000020e-02 1.432350851310999935e-02 8.968079219000000037e-14
1.800000000000000000e+03 2.790722839096900225e+08 5.404400328599178465e+04 1.813472859225839784e-01 3.000000000000000000e+00 3.038474999999999857e-02 1.754264359175999877e-02 1.345211882850000006e-13
1.900000000000000000e+03 2.790723839096900225e+08 5.404400444339919341e+04 1.821445357304583013e-01 7.000000000000000000e+00 7.089774999999999550e-02 2.679683071629000018e-02 3.138827726650000013e-13
2.000000000000000000e+03 2.790724839096900225e+08 5.404400560080659488e+04 1.829417855337851506e-01 5.000000000000000000e+00 5.064124999999999877e-02 2.264745549311000111e-02 2.242019804750000009e-13
2.100000000000000000e+03 2.790725839096900225e+08 5.404400675821400364e+04 1.837390353416594735e-01 7.000000000000000000e+00 7.089774999999999550e-02 2.679683071629000018e-02 3.138827726650000013e-13
2.200000000000000000e+03 2.790726839096900225e+08 5.404400791562141239e+04 1.845362851495337964e-01 9.000000000000000000e+00 9.115425000000000610e-02 3.038474999999999857e-02 4.035635648550000522e-13
2.300000000000000000e+03 2.790727839096900225e+08 5.404400907302882115e+04 1.853335349574081192e-01 4.000000000000000000e+00 4.051300000000000040e-02 2.025650000000000020e-02 1.793615843800000007e-13
2.400000000000000000e+03 2.790728839096900225e+08 5.404401023043622990e+04 1.861307847657371894e-01 4.000000000000000000e+00 4.051300000000000040e-02 2.025650000000000020e-02 1.793615843800000007e-13
2.500000000000000000e+03 2.790729839096900225e+08 5.404401138784363138e+04 1.869280345686092915e-01 5.000000000000000000e+00 5.064124999999999877e-02 2.264745549311000111e-02 2.242019804750000009e-13
2.600000000000000000e+03 2.790730839096900225e+08 5.404401254525104014e+04 1.877252843764836143e-01 7.000000000000000000e+00 7.089774999999999550e-02 2.679683071629000018e-02 3.138827726650000013e-13
2.700000000000000000e+03 2.790731839096900225e+08 5.404401370265844889e+04 1.885225341843579372e-01 2.000000000000000000e+00 2.025650000000000020e-02 1.432350851310999935e-02 8.968079219000000037e-14
2.800000000000000000e+03 2.790732839096900225e+08 5.404401486006585765e+04 1.893197839926870074e-01 4.000000000000000000e+00 4.051300000000000040e-02 2.025650000000000020e-02 1.793615843800000007e-13
2.900000000000000000e+03 2.790733839096900225e+08 5.404401601747326640e+04 1.901170338005613303e-01 7.000000000000000000e+00 7.089774999999999550e-02 2.679683071629000018e-02 3.138827726650000013e-13
3.000000000000000000e+03 2.790734839096900225e+08 5.404401717488067516e+04 1.909142836084356532e-01 8.000000000000000000e+00 8.102600000000000080e-02 2.864701702620999976e-02 3.587231687600000015e-13
3.100000000000000000e+03 2.790735839096900225e+08 5.404401833228807664e+04 1.917115334113077552e-01 1.000000000000000000e+01 1.012824999999999975e-01 3.202833871159999762e-02 4.484039609500000019e-13
3.200000000000000000e+03 2.790736839096900225e+08 5.404401948969548539e+04 1.925087832196368254e-01 1.000000000000000000e+01 1.012824999999999975e-01 3.202833871159999762e-02 4.484039609500000019e-13
3.300000000000000000e+03 2.790737839096900225e+08 5.404402064710289415e+04 1.933060330275111482e-01 1.000000000000000000e+01 1.012824999999999975e-01 3.202833871159999762e-02 4.484039609500000019e-13
3.400000000000000000e+03 2.790738839096900225e+08 5.404402180451030290e+04 1.941032828353854711e-01 7.000000000000000000e+00 7.089774999999999550e-02 2.679683071629000018e-02 3.138827726650000013e-13
3.500000000000000000e+03 2.790739839096900225e+08 5.404402296191771165e+04 1.949005326432597940e-01 7.000000000000000000e+00 7.089774999999999550e-02 2.679683071629000018e-02 3.138827726650000013e-13
3.600000000000000000e+03 2.790740839096900225e+08 5.404402411932511313e+04 1.956977824465866433e-01 1.200000000000000000e+01 1.215389999999999943e-01 3.508528718351999753e-02 5.380847531400000022e-13
3.700000000000000000e+03 2.790741839096900225e+08 5.404402527673252189e+04 1.964950322544609662e-01 4.000000000000000000e+00 4.051300000000000040e-02 2.025650000000000020e-02 1.793615843800000007e-13
3.800000000000000000e+03 2.790742839096900225e+08 5.404402643413993064e+04 1.972922820623352891e-01 5.000000000000000000e+00 5.064124999999999877e-02 2.264745549311000111e-02 2.242019804750000009e-13
3.900000000000000000e+03 2.790743839096900225e+08 5.404402759154733940e+04 1.980895318706643593e-01 1.000000000000000000e+01 1.012824999999999975e-01 3.202833871159999762e-02 4.484039609500000019e-13
4.000000000000000000e+03 2.790744839096900225e+08 5.404402874895474815e+04 1.988867816785386822e-01 9.000000000000000000e+00 9.115425000000000610e-02 3.038474999999999857e-02 4.035635648550000522e-13
4.100000000000000000e+03 2.790745839096900225e+08 5.404402990636214963e+04 1.996840314814107842e-01 8.000000000000000000e+00 8.102600000000000080e-02 2.864701702620999976e-02 3.587231687600000015e-13
4.200000000000000000e+03 2.790746839096900225e+08 5.404403106376955839e+04 2.004812812892851071e-01 6.000000000000000000e+00 6.076949999999999713e-02 2.480904448734000053e-02 2.690423765700000011e-13
4.300000000000000000e+03 2.790747839096900225e+08 5.404403222117696714e+04 2.012785310976141773e-01 4.000000000000000000e+00 4.051300000000000040e-02 2.025650000000000020e-02 1.793615843800000007e-13
4.400000000000000000e+03 2.790748839096900225e+08 5.404403337858437590e+04 2.020757809054885001e-01 6.000000000000000000e+00 6.076949999999999713e-02 2.480904448734000053e-02 2.690423765700000011e-13
4.500000000000000000e+03 2.790749839096900225e+08 5.404403453599178465e+04 2.028730307133628230e-01 9.000000000000000000e+00 9.115425000000000610e-02 3.038474999999999857e-02 4.035635648550000522e-13
4.600000000000000000e+03 2.790750839096900225e+08 5.404403569339919341e+04 2.036702805212371459e-01 5.000000000000000000e+00 5.064124999999999877e-02 2.264745549311000111e-02 2.242019804750000009e-13
4.700000000000000000e+03 2.790751839096900225e+08 5.404403685080659488e+04 2.044675303245639952e-01 1.000000000000000000e+00 1.012825000000000010e-02 1.012825000000000010e-02 4.484039609500000019e-14
4.800000000000000000e+03 2.790752839096900225e+08 5.404403800821400364e+04 2.052647801324383181e-01 5.000000000000000000e+00 5.064124999999999877e-02 2.264745549311000111e-02 2.242019804750000009e-13
4.900000000000000000e+03 2.790753839096900225e+08 5.404403916562141239e+04 2.060620299403126410e-01 4.000000000000000000e+00 4.051300000000000040e-02 2.025650000000000020e-02 1.793615843800000007e-13
5.000000000000000000e+03 2.790754839096900225e+08 5.404404032302882115e+04 2.068592797481869638e-01 6.000000000000000000e+00 6.076949999999999713e-02 2.480904448734000053e-02 2.690423765700000011e-13
5.100000000000000000e+03 2.790755839096900225e+08 5.404404148043622990e+04 2.076565295565160341e-01 6.000000000000000000e+00 6.076949999999999713e-02 2.480904448734000053e-02 2.690423765700000011e-13
5.200000000000000000e+03 2.790756839096900225e+08 5.404404263784363138e+04 2.084537793593881361e-01 7.000000000000000000e+00 7.089774999999999550e-02 2.679683071629000018e-02 3.138827726650000013e-13
5.300000000000000000e+03 2.790757839096900225e+08 5.404404379525104014e+04 2.092510291672624589e-01 4.000000000000000000e+00 4.051300000000000040e-02 2.025650000000000020e-02 1.793615843800000007e-13
5.400000000000000000e+03 2.790758839096900225e+08 5.404404495265844889e+04 2.100482789751367818e-01 3.000000000000000000e+00 3.038474999999999857e-02 1.754264359175999877e-02 1.345211882850000006e-13
5.500000000000000000e+03 2.790759839096900225e+08 5.404404611006585765e+04 2.108455287834658520e-01 3.000000000000000000e+00 3.038474999999999857e-02 1.754264359175999877e-02 1.345211882850000006e-13
5.600000000000000000e+03 2.790760839096900225e+08 5.404404726747326640e+04 2.116427785913401749e-01 5.000000000000000000e+00 5.064124999999999877e-02 2.264745549311000111e-02 2.242019804750000009e-13
5.700000000000000000e+03 2.790761839096900225e+08 5.404404842488067516e+04 2.124400283992144978e-01 3.000000000000000000e+00 3.038474999999999857e-02 1.754264359175999877e-02 1.345211882850000006e-13
5.800000000000000000e+03 2.790762839096900225e+08 5.404404958228807664e+04 2.132372782020865998e-01 4.000000000000000000e+00 4.051300000000000040e-02 2.025650000000000020e-02 1.793615843800000007e-13
5.900000000000000000e+03 2.790763839096900225e+08 5.404405073969548539e+04 2.140345280104156700e-01 2.000000000000000000e+00 2.025650000000000020e-02 1.432350851310999935e-02 8.968079219000000037e-14
6.000000000000000000e+03 2.790764839096900225e+08 5.404405189710289415e+04 2.148317778182899929e-01 2.000000000000000000e+00 2.025650000000000020e-02 1.432350851310999935e-02 8.968079219000000037e-14
6.100000000000000000e+03 2.790765839096900225e+08 5.404405305451030290e+04 2.156290276261643157e-01 5.000000000000000000e+00 5.064124999999999877e-02 2.264745549311000111e-02 2.242019804750000009e-13
6.200000000000000000e+03 2.790766839096900225e+08 5.404405421191771165e+04 2.164262774340386386e-01 4.000000000000000000e+00 4.051300000000000040e-02 2.025650000000000020e-02 1.793615843800000007e-13
6.300000000000000000e+03 2.790767839096900225e+08 5.404405536932511313e+04 2.172235272373654880e-01 3.000000000000000000e+00 3.038474999999999857e-02 1.754264359175999877e-02 1.345211882850000006e-13
6.400000000000000000e+03 2.790768839096900225e+08 5.404405652673252189e+04 2.180207770452398108e-01 3.000000000000000000e+00 3.038474999999999857e-02 1.754264359175999877e-02 1.345211882850000006e-13
6.500000000000000000e+03 2.790769839096900225e+08 5.404405768413993064e+04 2.188180268531141337e-01 2.000000000000000000e+00 2.025650000000000020e-02 1.432350851310999935e-02 8.968079219000000037e-14
6.600000000000000000e+03 2.790770839096900225e+08 5.404405884154733940e+04 2.196152766609884566e-01 6.000000000000000000e+00 6.076949999999999713e-02 2.480904448734000053e-02 2.690423765700000011e-13
6.700000000000000000e+03 2.790771839096900225e+08 5.404405999895474815e+04 2.204125264693175268e-01 5.000000000000000000e+00 5.064124999999999877e-02 2.264745549311000111e-02 2.242019804750000009e-13
6.800000000000000000e+03 2.790772839096900225e+08 5.404406115636214963e+04 2.212097762721896288e-01 5.000000000000000000e+00 5.064124999999999877e-02 2.264745549311000111e-02 2.242019804750000009e-13
6.900000000000000000e+03 2.790773839096900225e+08 5.404406231376955839e+04 2.220070260800639517e-01 6.000000000000000000e+00 6.076949999999999713e-02 2.480904448734000053e-02 2.690423765700000011e-13
7.000000000000000000e+03 2.790774839096900225e+08 5.404406347117696714e+04 2.228042758883930219e-01 6.000000000000000000e+00 6.076949999999999713e-02 2.480904448734000053e-02 2.690423765700000011e-13
7.100000000000000000e+03 2.790775839096900225e+08 5.404406462858437590e+04 2.236015256962673448e-01 6.000000000000000000e+00 6.076949999999999713e-02 2.480904448734000053e-02 2.690423765700000011e-13
7.200000000000000000e+03 2.790776839096900225e+08 5.404406578599178465e+04 2.243987755041416676e-01 2.000000000000000000e+00 2.025650000000000020e-02 1.432350851310999935e-02 8.968079219000000037e-14
7.300000000000000000e+03 2.790777839096900225e+08 5.404406694339919341e+04 2.251960253120159905e-01 5.000000000000000000e+00 5.064124999999999877e-02 2.264745549311000111e-02 2.242019804750000009e-13
7.400000000000000000e+03 2.790778839096900225e+08 5.404406810080659488e+04 2.259932751153428399e-01 5.000000000000000000e+00 5.064124999999999877e-02 2.264745549311000111e-02 2.242019804750000009e-13
7.500000000000000000e+03 2.790779839096900225e+08 5.404406925821400364e+04 2.267905249232171627e-01 6.000000000000000000e+00 6.076949999999999713e-02 2.480904448734000053e-02 2.690423765700000011e-13
7.600000000000000000e+03 2.790780839096900225e+08 5.404407041562141239e+04 2.275877747310914856e-01 1.000000000000000000e+01 1.012824999999999975e-01 3.202833871159999762e-02 4.484039609500000019e-13
7.700000000000000000e+03 2.790781839096900225e+08 5.404407157302882115e+04 2.283850245389658085e-01 3.000000000000000000e+00 3.038474999999999857e-02 1.754264359175999877e-02 1.345211882850000006e-13
7.800000000000000000e+03 2.790782839096900225e+08 5.404407273043622990e+04 2.291822743472948787e-01 5.000000000000000000e+00 5.064124999999999877e-02 2.264745549311000111e-02 2.242019804750000009e-13
7.900000000000000000e+03 2.790783839096900225e+08 5.404407388784363138e+04 2.299795241501669807e-01 9.000000000000000000e+00 9.115425000000000610e-02 3.038474999999999857e-02 4.035635648550000522e-13
8.000000000000000000e+03 2.790784839096900225e+08 5.404407504525104014e+04 2.307767739580413036e-01 5.000000000000000000e+00 5.064124999999999877e-02 2.264745549311000111e-02 2.242019804750000009e-13
8.100000000000000000e+03 2.790785839096900225e+08 5.404407620265844889e+04 2.315740237659156264e-01 5.000000000000000000e+00 5.064124999999999877e-02 2.264745549311000111e-02 2.242019804750000009e-13
8.200000000000000000e+03 2.790786839096900225e+08 5.404407736006585765e+04 2.323712735742446966e-01 8.000000000000000000e+00 8.102600000000000080e-02 2.864701702620999976e-02 3.587231687600000015e-13
8.300000000000000000e+03 2.790787839096900225e+08 5.404407851747326640e+04 2.331685233821190195e-01 9.000000000000000000e+00 9.115425000000000610e-02 3.038474999999999857e-02 4.035635648550000522e-13
8.400000000000000000e+03 2.790788839096900225e+08 5.404407967488067516e+04 2.339657731899933424e-01 1.000000000000000000e+01 1.012824999999999975e-01 3.202833871159999762e-02 4.484039609500000019e-13
8.500000000000000000e+03 2.790789839096900225e+08 5.404408083228807664e+04 2.347630229928654444e-01 1.100000000000000000e+01 1.114107500000000028e-01 3.359160503291999667e-02 4.932443570450000525e-13
8.600000000000000000e+03 2.790790839096900225e+08 5.404408198969548539e+04 2.355602728011945146e-01 1.300000000000000000e+01 1.316672500000000134e-01 3.651792470571999655e-02 5.829251492350000529e-13
8.700000000000000000e+03 2.790791839096900225e+08 5.404408314710289415e+04 2.363575226090688375e-01 7.000000000000000000e+00 7.089774999999999550e-02 2.679683071629000018e-02 3.138827726650000013e-13
8.800000000000000000e+03 2.790792839096900225e+08 5.404408430451030290e+04 2.371547724169431604e-01 2.000000000000000000e+00 2.025650000000000020e-02 1.432350851310999935e-02 8.968079219000000037e-14
8.900000000000000000e+03 2.790793839096900225e+08 5.404408546191771165e+04 2.379520222248174832e-01 5.000000000000000000e+00 5.064124999999999877e-02 2.264745549311000111e-02 2.242019804750000009e-13
9.000000000000000000e+03 2.790794839096900225e+08 5.404408661932511313e+04 2.387492720281443326e-01 6.000000000000000000e+00 6.076949999999999713e-02 2.480904448734000053e-02 2.690423765700000011e-13
9.100000000000000000e+03 2.790795839096900225e+08 5.404408777673252189e+04 2.395465218360186554e-01 8.000000000000000000e+00 8.102600000000000080e-02 2.864701702620999976e-02 3.587231687600000015e-13
9.200000000000000000e+03 2.790796839096900225e+08 5.404408893413993064e+04 2.403437716438929783e-01 7.000000000000000000e+00 7.089774999999999550e-02 2.679683071629000018e-02 3.138827726650000013e-13
9.300000000000000000e+03 2.790797839096900225e+08 5.404409009154733940e+04 2.411410214517673012e-01 9.000000000000000000e+00 9.115425000000000610e-02 3.038474999999999857e-02 4.035635648550000522e-13
9.400000000000000000e+03 2.790798839096900225e+08 5.404409124895474815e+04 2.419382712600963714e-01 1.000000000000000000e+01 1.012824999999999975e-01 3.202833871159999762e-02 4.484039609500000019e-13
9.500000000000000000e+03 2.790799839096900225e+08 5.404409240636214963e+04 2.427355210629684734e-01 2.000000000000000000e+00 2.025650000000000020e-02 1.432350851310999935e-02 8.968079219000000037e-14
9.600000000000000000e+03 2.790800839096900225e+08 5.404409356376955839e+04 2.435327708708427963e-01 5.000000000000000000e+00 5.064124999999999877e-02 2.264745549311000111e-02 2.242019804750000009e-13
9.700000000000000000e+03 2.790801839096900225e+08 5.404409472117696714e+04 2.443300206787171192e-01 1.000000000000000000e+00 1.012825000000000010e-02 1.012825000000000010e-02 4.484039609500000019e-14
9.800000000000000000e+03 2.790802839096900225e+08 5.404409587858437590e+04 2.451272704870461894e-01 4.000000000000000000e+00 4.051300000000000040e-02 2.025650000000000020e-02 1.793615843800000007e-13
9.900000000000000000e+03 2.790803839096900225e+08 5.404409703599178465e+04 2.459245202949205122e-01 4.000000000000000000e+00 4.051300000000000040e-02 2.025650000000000020e-02 1.793615843800000007e-13
1.000000000000000000e+04 2.790804839096900225e+08 5.404409819339919341e+04 2.467217701027948351e-01 0.000000000000000000e+00 0.000000000000000000e+00 0.000000000000000000e+00 0.000000000000000000e+00
1.010000000000000000e+04 2.790805839096900225e+08 5.404409935080659488e+04 2.475190199061216845e-01 7.000000000000000000e+00 7.089774999999999550e-02 2.679683071629000018e-02 3.138827726650000013e-13
1.020000000000000000e+04 2.790806839096900225e+08 5.404410050821400364e+04 2.483162697139960073e-01 6.000000000000000000e+00 6.076949999999999713e-02 2.480904448734000053e-02 2.690423765700000011e-13
1.030000000000000000e+04 2.790807839096900225e+08 5.404410166562141239e+04 2.491135195218703302e-01 5.000000000000000000e+00 5.064124999999999877e-02 2.264745549311000111e-02 2.242019804750000009e-13
1.040000000000000000e+04 2.790808839096900225e+08 5.404410282302882115e+04 2.499107693297446531e-01 1.000000000000000000e+01 1.012824999999999975e-01 3.202833871159999762e-02 4.484039609500000019e-13
1.050000000000000000e+04 2.790809839096900225e+08 5.404410398043622990e+04 2.507080191380737233e-01 7.000000000000000000e+00 7.089774999999999550e-02 2.679683071629000018e-02 3.138827726650000013e-13
1.060000000000000000e+04 2.790810839096900225e+08 5.404410513784363138e+04 2.515052689409458253e-01 7.000000000000000000e+00 7.089774999999999550e-02 2.679683071629000018e-02 3.138827726650000013e-13
1.070000000000000000e+04 2.790811839096900225e+08 5.404410629525104014e+04 2.523025187488201482e-01 3.000000000000000000e+00 3.038474999999999857e-02 1.754264359175999877e-02 1.345211882850000006e-13
1.080000000000000000e+04 2.790812839096900225e+08 5.404410745265844889e+04 2.530997685566944710e-01 9.000000000000000000e+00 9.115425000000000610e-02 3.038474999999999857e-02 4.035635648550000522e-13
1.090000000000000000e+04 2.790813839096900225e+08 5.404410861006585765e+04 2.538970183650235413e-01 7.000000000000000000e+00 7.089774999999999550e-02 2.679683071629000018e-02 3.138827726650000013e-13
1.100000000000000000e+04 2.790814839096900225e+08 5.404410976747326640e+04 2.546942681728978641e-01 9.000000000000000000e+00 9.115425000000000610e-02 3.038474999999999857e-02 4.035635648550000522e-13
1.110000000000000000e+04 2.790815839096900225e+08 5.404411092488067516e+04 2.554915179807721870e-01 7.000000000000000000e+00 7.089774999999999550e-02 2.679683071629000018e-02 3.138827726650000013e-13
1.120000000000000000e+04 2.790816839096900225e+08 5.404411208228807664e+04 2.562887677836442890e-01 7.000000000000000000e+00 7.089774999999999550e-02 2.679683071629000018e-02 3.138827726650000013e-13
1.130000000000000000e+04 2.790817839096900225e+08 5.404411323969548539e+04 2.570860175919733592e-01 5.000000000000000000e+00 5.064124999999999877e-02 2.264745549311000111e-02 2.242019804750000009e-13
1.140000000000000000e+04 2.790818839096900225e+08 5.404411439710289415e+04 2.578832673998476821e-01 8.000000000000000000e+00 8.102600000000000080e-02 2.864701702620999976e-02 3.587231687600000015e-13
1.150000000000000000e+04 2.790819839096900225e+08 5.404411555451030290e+04 2.586805172077220050e-01 7.000000000000000000e+00 7.089774999999999550e-02 2.679683071629000018e-02 3.138827726650000013e-13
1.160000000000000000e+04 2.790820839096900225e+08 5.404411671191771165e+04 2.594777670155963278e-01 1.300000000000000000e+01 1.316672500000000134e-01 3.651792470571999655e-02 5.829251492350000529e-13
1.170000000000000000e+04 2.790821839096900225e+08 5.404411786932511313e+04 2.602750168189231772e-01 6.000000000000000000e+00 6.076949999999999713e-02 2.480904448734000053e-02 2.690423765700000011e-13
1.180000000000000000e+04 2.790822839096900225e+08 5.404411902673252189e+04 2.610722666267975001e-01 7.000000000000000000e+00 7.089774999999999550e-02 2.679683071629000018e-02 3.138827726650000013e-13
1.190000000000000000e+04 2.790823839096900225e+08 5.404412018413993064e+04 2.618695164346718229e-01 9.000000000000000000e+00 9.115425000000000610e-02 3.038474999999999857e-02 4.035635648550000522e-13
1.200000000000000000e+04 2.790824839096900225e+08 5.404412134154733940e+04 2.626667662425461458e-01 3.000000000000000000e+00 3.038474999999999857e-02 1.754264359175999877e-02 1.345211882850000006e-13
1.210000000000000000e+04 2.790825839096900225e+08 5.404412249895474815e+04 2.634640160508752160e-01 4.000000000000000000e+00 4.051300000000000040e-02 2.025650000000000020e-02 1.793615843800000007e-13
1.220000000000000000e+04 2.790826839096900225e+08 5.404412365636214963e+04 2.642612658537473180e-01 8.000000000000000000e+00 8.102600000000000080e-02 2.864701702620999976e-02 3.587231687600000015e-13
1.230000000000000000e+04 2.790827839096900225e+08 5.404412481376955839e+04 2.650585156616216409e-01 7.000000000000000000e+00 7.089774999999999550e-02 2.679683071629000018e-02 3.138827726650000013e-13
1.240000000000000000e+04 2.790828839096900225e+08 5.404412597117696714e+04 2.658557654694959638e-01 9.000000000000000000e+00 9.115425000000000610e-02 3.038474999999999857e-02 4.035635648550000522e-13
1.250000000000000000e+04 2.790829839096900225e+08 5.404412712858437590e+04 2.666530152778250340e-01 1.200000000000000000e+01 1.215389999999999943e-01 3.508528718351999753e-02 5.380847531400000022e-13
1.260000000000000000e+04 2.790830839096900225e+08 5.404412828599178465e+04 2.674502650856993569e-01 6.000000000000000000e+00 6.076949999999999713e-02 2.480904448734000053e-02 2.690423765700000011e-13
1.270000000000000000e+04 2.790831839096900225e+08 5.404412944339919341e+04 2.682475148935736797e-01 7.000000000000000000e+00 7.089774999999999550e-02 2.679683071629000018e-02 3.138827726650000013e-13
1.280000000000000000e+04 2.790832839096900225e+08 5.404413060080659488e+04 2.690447646969005291e-01 1.000000000000000000e+01 1.012824999999999975e-01 3.202833871159999762e-02 4.484039609500000019e-13
1.290000000000000000e+04 2.790833839096900225e+08 5.404413175821400364e+04 2.698420145047748520e-01 8.000000000000000000e+00 8.102600000000000080e-02 2.864701702620999976e-02 3.587231687600000015e-13
1.300000000000000000e+04 2.790834839096900225e+08 5.404413291562141239e+04 2.706392643126491748e-01 6.000000000000000000e+00 6.076949999999999713e-02 2.480904448734000053e-02 2.690423765700000011e-13
1.310000000000000000e+04 2.790835839096900225e+08 5.404413407302882115e+04 2.714365141205234977e-01 4.000000000000000000e+00 4.051300000000000040e-02 2.025650000000000020e-02 1.793615843800000007e-13
1.320000000000000000e+04 2.790836839096900225e+08 5.404413523043622990e+04 2.722337639288525679e-01 5.000000000000000000e+00 5.064124999999999877e-02 2.264745549311000111e-02 2.242019804750000009e-13
1.330000000000000000e+04 2.790837839096900225e+08 5.404413638784363138e+04 2.730310137317246699e-01 8.000000000000000000e+00 8.102600000000000080e-02 2.864701702620999976e-02 3.587231687600000015e-13
1.340000000000000000e+04 2.790838839096900225e+08 5.404413754525104014e+04 2.738282635395989928e-01 1.000000000000000000e+01 1.012824999999999975e-01 3.202833871159999762e-02 4.484039609500000019e-13
1.350000000000000000e+04 2.790839839096900225e+08 5.404413870265844889e+04 2.746255133474733157e-01 4.000000000000000000e+00 4.051300000000000040e-02 2.025650000000000020e-02 1.793615843800000007e-13
1.360000000000000000e+04 2.790840839096900225e+08 5.404413986006585765e+04 2.754227631558023859e-01 2.000000000000000000e+00 2.025650000000000020e-02 1.432350851310999935e-02 8.968079219000000037e-14
1.370000000000000000e+04 2.790841839096900225e+08 5.404414101747326640e+04 2.762200129636767088e-01 4.000000000000000000e+00 4.051300000000000040e-02 2.025650000000000020e-02 1.793615843800000007e-13
1.380000000000000000e+04 2.790842839096900225e+08 5.404414217488067516e+04 2.770172627715510316e-01 3.000000000000000000e+00 3.038474999999999857e-02 1.754264359175999877e-02 1.345211882850000006e-13
1.390000000000000000e+04 2.790843839096900225e+08 5.404414333228807664e+04 2.778145125744231336e-01 8.000000000000000000e+00 8.102600000000000080e-02 2.864701702620999976e-02 3.587231687600000015e-13
1.400000000000000000e+04 2.790844839096900225e+08 5.404414448969548539e+04 2.786117623827522038e-01 4.000000000000000000e+00 4.051300000000000040e-02 2.025650000000000020e-02 1.793615843800000007e-13
1.410000000000000000e+04 2.790845839096900225e+08 5.404414564710289415e+04 2.794090121906265267e-01 5.000000000000000000e+00 5.064124999999999877e-02 2.264745549311000111e-02 2.242019804750000009e-13
1.420000000000000000e+04 2.790846839096900225e+08 5.404414680451030290e+04 2.802062619985008496e-01 9.000000000000000000e+00 9.115425000000000610e-02 3.038474999999999857e-02 4.035635648550000522e-13
1.430000000000000000e+04 2.790847839096900225e+08 5.404414796191771165e+04 2.810035118063751725e-01 6.000000000000000000e+00 6.076949999999999713e-02 2.480904448734000053e-02 2.690423765700000011e-13
1.440000000000000000e+04 2.790848839096900225e+08 5.404414911932511313e+04 2.818007616097020218e-01 1.000000000000000000e+00 1.012825000000000010e-02 1.012825000000000010e-02 4.484039609500000019e-14
1.450000000000000000e+04 2.790849839096900225e+08 5.404415027673252189e+04 2.825980114175763447e-01 2.000000000000000000e+00 2.025650000000000020e-02 1.432350851310999935e-02 8.968079219000000037e-14
1.460000000000000000e+04 2.790850839096900225e+08 5.404415143413993064e+04 2.833952612254506676e-01 5.000000000000000000e+00 5.064124999999999877e-02 2.264745549311000111e-02 2.242019804750000009e-13
1.470000000000000000e+04 2.790851839096900225e+08 5.404415259154733940e+04 2.841925110333249904e-01 5.000000000000000000e+00 5.064124999999999877e-02 2.264745549311000111e-02 2.242019804750000009e-13
1.480000000000000000e+04 2.790852839096900225e+08 5.404415374895474815e+04 2.849897608416540606e-01 4.000000000000000000e+00 4.051300000000000040e-02 2.025650000000000020e-02 1.793615843800000007e-13
1.490000000000000000e+04 2.790853839096900225e+08 5.404415490636214963e+04 2.857870106445261627e-01 7.000000000000000000e+00 7.089774999999999550e-02 2.679683071629000018e-02 3.138827726650000013e-13
1.500000000000000000e+04 2.790854839096900225e+08 5.404415606376955839e+04 2.865842604524004855e-01 6.000000000000000000e+00 6.076949999999999713e-02 2.480904448734000053e-02 2.690423765700000011e-13
1.510000000000000000e+04 2.790855839096900225e+08 5.404415722117696714e+04 2.873815102602748084e-01 4.000000000000000000e+00 4.051300000000000040e-02 2.025650000000000020e-02 1.793615843800000007e-13
1.520000000000000000e+04 2.790856839096900225e+08 5.404415837858437590e+04 2.881787600686038786e-01 1.000000000000000000e+00 1.012825000000000010e-02 1.012825000000000010e-02 4.484039609500000019e-14
1.530000000000000000e+04 2.790857839096900225e+08 5.404415953599178465e+04 2.889760098764782015e-01 8.000000000000000000e+00 8.102600000000000080e-02 2.864701702620999976e-02 3.587231687600000015e-13
1.540000000000000000e+04 2.790858839096900225e+08 5.404416069339919341e+04 2.897732596843525243e-01 7.000000000000000000e+00 7.089774999999999550e-02 2.679683071629000018e-02 3.138827726650000013e-13
1.550000000000000000e+04 2.790859839096900225e+08 5.404416185080659488e+04 2.905705094872246264e-01 3.000000000000000000e+00 3.038474999999999857e-02 1.754264359175999877e-02 1.345211882850000006e-13
1.560000000000000000e+04 2.790860839096900225e+08 5.404416300821400364e+04 2.913677592955536966e-01 1.000000000000000000e+00 1.012825000000000010e-02 1.012825000000000010e-02 4.484039609500000019e-14
1.570000000000000000e+04 2.790861839096900225e+08 5.404416416562141239e+04 2.921650091034280194e-01 2.000000000000000000e+00 2.025650000000000020e-02 1.432350851310999935e-02 8.968079219000000037e-14
1.580000000000000000e+04 2.790862839096900225e+08 5.404416532302882115e+04 2.929622589113023423e-01 2.000000000000000000e+00 2.025650000000000020e-02 1.432350851310999935e-02 8.968079219000000037e-14
1.590000000000000000e+04 2.790863839096900225e+08 5.404416648043622990e+04 2.937595087196314125e-01 3.000000000000000000e+00 3.038474999999999857e-02 1.754264359175999877e-02 1.345211882850000006e-13
1.600000000000000000e+04 2.790864839096900225e+08 5.404416763784363138e+04 2.945567585225035145e-01 8.000000000000000000e+00 8.102600000000000080e-02 2.864701702620999976e-02 3.587231687600000015e-13
1.610000000000000000e+04 2.790865839096900225e+08 5.404416879525104014e+04 2.953540083303778374e-01 5.000000000000000000e+00 5.064124999999999877e-02 2.264745549311000111e-02 2.242019804750000009e-13
1.620000000000000000e+04 2.790866839096900225e+08 5.404416995265844889e+04 2.961512581382521603e-01 6.000000000000000000e+00 6.076949999999999713e-02 2.480904448734000053e-02 2.690423765700000011e-13
1.630000000000000000e+04 2.790867839096900225e+08 5.404417111006585765e+04 2.969485079465812305e-01 4.000000000000000000e+00 4.051300000000000040e-02 2.025650000000000020e-02 1.793615843800000007e-13
1.640000000000000000e+04 2.790868839096900225e+08 5.404417226747326640e+04 2.977457577544555534e-01 4.000000000000000000e+00 4.051300000000000040e-02 2.025650000000000020e-02 1.793615843800000007e-13
1.650000000000000000e+04 2.790869839096900225e+08 5.404417342488067516e+04 2.985430075623298762e-01 5.000000000000000000e+00 5.064124999999999877e-02 2.264745549311000111e-02 2.242019804750000009e-13
1.660000000000000000e+04 2.790870839096900225e+08 5.404417458228807664e+04 2.993402573652019782e-01 0.000000000000000000e+00 0.000000000000000000e+00 0.000000000000000000e+00 0.000000000000000000e+00
1.670000000000000000e+04 2.790871839096900225e+08 5.404417573969548539e+04 3.001375071735310485e-01 0.000000000000000000e+00 0.000000000000000000e+00 0.000000000000000000e+00 0.000000000000000000e+00
1.680000000000000000e+04 2.790872839096900225e+08 5.404417689710289415e+04 3.009347569814053713e-01 4.000000000000000000e+00 4.051300000000000040e-02 2.025650000000000020e-02 1.793615843800000007e-13
1.690000000000000000e+04 2.790873839096900225e+08 5.404417805451030290e+04 3.017320067892796942e-01 4.000000000000000000e+00 4.051300000000000040e-02 2.025650000000000020e-02 1.793615843800000007e-13
1.700000000000000000e+04 2.790874839096900225e+08 5.404417921191771165e+04 3.025292565971540171e-01 5.000000000000000000e+00 5.064124999999999877e-02 2.264745549311000111e-02 2.242019804750000009e-13
1.710000000000000000e+04 2.790875839096900225e+08 5.404418036932511313e+04 3.033265064004808664e-01 5.000000000000000000e+00 5.064124999999999877e-02 2.264745549311000111e-02 2.242019804750000009e-13
1.720000000000000000e+04 2.790876839096900225e+08 5.404418152673252189e+04 3.041237562083551893e-01 8.000000000000000000e+00 8.102600000000000080e-02 2.864701702620999976e-02 3.587231687600000015e-13
1.730000000000000000e+04 2.790877839096900225e+08 5.404418268413993064e+04 3.049210060162295122e-01 2.000000000000000000e+00 2.025650000000000020e-02 1.432350851310999935e-02 8.968079219000000037e-14
1.740000000000000000e+04 2.790878839096900225e+08 5.404418384154733940e+04 3.057182558241038350e-01 6.000000000000000000e+00 6.076949999999999713e-02 2.480904448734000053e-02 2.690423765700000011e-13
1.750000000000000000e+04 2.790879839096900225e+08 5.404418499895474815e+04 3.065155056324329053e-01 2.000000000000000000e+00 2.025650000000000020e-02 1.432350851310999935e-02 8.968079219000000037e-14
1.760000000000000000e+04 2.790880839096900225e+08 5.404418615636214963e+04 3.073127554353050073e-01 3.000000000000000000e+00 3.038474999999999857e-02 1.754264359175999877e-02 1.345211882850000006e-13
1.770000000000000000e+04 2.790881839096900225e+08 5.404418731376955839e+04 3.081100052431793301e-01 5.000000000000000000e+00 5.064124999999999877e-02 2.264745549311000111e-02 2.242019804750000009e-13
1.780000000000000000e+04 2.790882839096900225e+08 5.404418847117696714e+04 3.089072550510536530e-01 2.000000000000000000e+00 2.025650000000000020e-02 1.432350851310999935e-02 8.968079219000000037e-14
1.790000000000000000e+04 2.790883839096900225e+08 5.404418962858437590e+04 3.097045048593827232e-01 5.000000000000000000e+00 5.064124999999999877e-02 2.264745549311000111e-02 2.242019804750000009e-13
1.800000000000000000e+04 2.790884839096900225e+08 5.404419078599178465e+04 3.105017546672570461e-01 6.000000000000000000e+00 6.076949999999999713e-02 2.480904448734000053e-02 2.690423765700000011e-13
1.810000000000000000e+04 2.790885839096900225e+08 5.404419194339919341e+04 3.112990044751313690e-01 5.000000000000000000e+00 5.064124999999999877e-02 2.264745549311000111e-02 2.242019804750000009e-13
1.820000000000000000e+04 2.790886839096900225e+08 5.404419310080659488e+04 3.120962542780034710e-01 5.000000000000000000e+00 5.064124999999999877e-02 2.264745549311000111e-02 2.242019804750000009e-13
1.830000000000000000e+04 2.790887839096900225e+08 5.404419425821400364e+04 3.128935040863325412e-01 1.000000000000000000e+00 1.012825000000000010e-02 1.012825000000000010e-02 4.484039609500000019e-14
1.840000000000000000e+04 2.790888839096900225e+08 5.404419541562141239e+04 3.136907538942068641e-01 3.000000000000000000e+00 3.038474999999999857e-02 1.754264359175999877e-02 1.345211882850000006e-13
1.850000000000000000e+04 2.790889839096900225e+08 5.404419657302882115e+04 3.144880037020811869e-01 2.000000000000000000e+00 2.025650000000000020e-02 1.432350851310999935e-02 8.968079219000000037e-14
1.860000000000000000e+04 2.790890839096900225e+08 5.404419773043622990e+04 3.152852535104102571e-01 8.000000000000000000e+00 8.102600000000000080e-02 2.864701702620999976e-02 3.587231687600000015e-13
1.870000000000000000e+04 2.790891839096900225e+08 5.404419888784363138e+04 3.160825033132823592e-01 5.000000000000000000e+00 5.064124999999999877e-02 2.264745549311000111e-02 2.242019804750000009e-13
1.880000000000000000e+04 2.790892839096900225e+08 5.404420004525104014e+04 3.168797531211566820e-01 4.000000000000000000e+00 4.051300000000000040e-02 2.025650000000000020e-02 1.793615843800000007e-13
1.890000000000000000e+04 2.790893839096900225e+08 5.404420120265844889e+04 3.176770029290310049e-01 7.000000000000000000e+00 7.089774999999999550e-02 2.679683071629000018e-02 3.138827726650000013e-13
1.900000000000000000e+04 2.790894839096900225e+08 5.404420236006585765e+04 3.184742527373600751e-01 9.000000000000000000e+00 9.115425000000000610e-02 3.038474999999999857e-02 4.035635648550000522e-13
1.910000000000000000e+04 2.790895839096900225e+08 5.404420351747326640e+04 3.192715025452343980e-01 1.000000000000000000e+01 1.012824999999999975e-01 3.202833871159999762e-02 4.484039609500000019e-13
1.920000000000000000e+04 2.790896839096900225e+08 5.404420467488067516e+04 3.200687523531087209e-01 1.000000000000000000e+01 1.012824999999999975e-01 3.202833871159999762e-02 4.484039609500000019e-13
1.930000000000000000e+04 2.790897839096900225e+08 5.404420583228807664e+04 3.208660021559808229e-01 7.000000000000000000e+00 7.089774999999999550e-02 2.679683071629000018e-02 3.138827726650000013e-13
1.940000000000000000e+04 2.790898839096900225e+08 5.404420698969548539e+04 3.216632519643098931e-01 9.000000000000000000e+00 9.115425000000000610e-02 3.038474999999999857e-02 4.035635648550000522e-13
1.950000000000000000e+04 2.790899839096900225e+08 5.404420814710289415e+04 3.224605017721842160e-01 4.000000000000000000e+00 4.051300000000000040e-02 2.025650000000000020e-02 1.793615843800000007e-13
1.960000000000000000e+04 2.790900839096900225e+08 5.404420930451030290e+04 3.232577515800585388e-01 7.000000000000000000e+00 7.089774999999999550e-02 2.679683071629000018e-02 3.138827726650000013e-13
1.970000000000000000e+04 2.790901839096900225e+08 5.404421046191771165e+04 3.240550013879328617e-01 2.000000000000000000e+00 2.025650000000000020e-02 1.432350851310999935e-02 8.968079219000000037e-14
1.980000000000000000e+04 2.790902839096900225e+08 5.404421161932511313e+04 3.248522511912597110e-01 3.000000000000000000e+00 3.038474999999999857e-02 1.754264359175999877e-02 1.345211882850000006e-13
1.990000000000000000e+04 2.790903839096900225e+08 5.404421277673252189e+04 3.256495009991340339e-01 5.000000000000000000e+00 5.064124999999999877e-02 2.264745549311000111e-02 2.242019804750000009e-13
2.000000000000000000e+04 2.790904839096900225e+08 5.404421393413993064e+04 3.264467508070083568e-01 5.000000000000000000e+00 5.064124999999999877e-02 2.264745549311000111e-02 2.242019804750000009e-13
2.010000000000000000e+04 2.790905839096900225e+08 5.404421509154733940e+04 3.272440006148826797e-01 1.000000000000000000e+01 1.012824999999999975e-01 3.202833871159999762e-02 4.484039609500000019e-13
2.020000000000000000e+04 2.790906839096900225e+08 5.404421624895474815e+04 3.280412504232117499e-01 3.000000000000000000e+00 3.038474999999999857e-02 1.754264359175999877e-02 1.345211882850000006e-13
2.030000000000000000e+04 2.790907839096900225e+08 5.404421740636214963e+04 3.288385002260838519e-01 7.000000000000000000e+00 7.089774999999999550e-02 2.679683071629000018e-02 3.138827726650000013e-13
2.040000000000000000e+04 2.790908839096900225e+08 5.404421856376955839e+04 3.296357500339581748e-01 3.000000000000000000e+00 3.038474999999999857e-02 1.754264359175999877e-02 1.345211882850000006e-13
2.050000000000000000e+04 2.790909839096900225e+08 5.404421972117696714e+04 3.304329998418324976e-01 5.000000000000000000e+00 5.064124999999999877e-02 2.264745549311000111e-02 2.242019804750000009e-13
2.060000000000000000e+04 2.790910839096900225e+08 5.404422087858437590e+04 3.312302496501615678e-01 1.000000000000000000e+00 1.012825000000000010e-02 1.012825000000000010e-02 4.484039609500000019e-14
2.070000000000000000e+04 2.790911839096900225e+08 5.404422203599178465e+04 3.320274994580358907e-01 0.000000000000000000e+00 0.000000000000000000e+00 0.000000000000000000e+00 0.000000000000000000e+00
2.080000000000000000e+04 2.790912839096900225e+08 5.404422319339919341e+04 3.328247492659102136e-01 3.000000000000000000e+00 3.038474999999999857e-02 1.754264359175999877e-02 1.345211882850000006e-13
2.090000000000000000e+04 2.790913839096900225e+08 5.404422435080659488e+04 3.336219990687823156e-01 2.000000000000000000e+00 2.025650000000000020e-02 1.432350851310999935e-02 8.968079219000000037e-14
2.100000000000000000e+04 2.790914839096900225e+08 5.404422550821400364e+04 3.344192488771113858e-01 9.000000000000000000e+00 9.115425000000000610e-02 3.038474999999999857e-02 4.035635648550000522e-13
2.110000000000000000e+04 2.790915839096900225e+08 5.404422666562141239e+04 3.352164986849857087e-01 4.000000000000000000e+00 4.051300000000000040e-02 2.025650000000000020e-02 1.793615843800000007e-13
2.120000000000000000e+04 2.790916839096900225e+08 5.404422782302882115e+04 3.360137484928600315e-01 7.000000000000000000e+00 7.089774999999999550e-02 2.679683071629000018e-02 3.138827726650000013e-13
2.130000000000000000e+04 2.790917839096900225e+08 5.404422898043622990e+04 3.368109983007343544e-01 7.000000000000000000e+00 7.089774999999999550e-02 2.679683071629000018e-02 3.138827726650000013e-13
2.140000000000000000e+04 2.790918839096900225e+08 5.404423013784363138e+04 3.376082481040612038e-01 5.000000000000000000e+00 5.064124999999999877e-02 2.264745549311000111e-02 2.242019804750000009e-13
2.150000000000000000e+04 2.790919839096900225e+08 5.404423129525104014e+04 3.384054979119355266e-01 8.000000000000000000e+00 8.102600000000000080e-02 2.864701702620999976e-02 3.587231687600000015e-13
2.160000000000000000e+04 2.790920839096900225e+08 5.404423245265844889e+04 3.392027477198098495e-01 1.200000000000000000e+01 1.215389999999999943e-01 3.508528718351999753e-02 5.380847531400000022e-13
2.170000000000000000e+04 2.790921839096900225e+08 5.404423361006585765e+04 3.399999975281389197e-01 5.000000000000000000e+00 5.064124999999999877e-02 2.264745549311000111e-02 2.242019804750000009e-13
2.180000000000000000e+04 2.790922839096900225e+08 5.404423476747326640e+04 3.407972473360132426e-01 4.000000000000000000e+00 4.051300000000000040e-02 2.025650000000000020e-02 1.793615843800000007e-13
2.190000000000000000e+04 2.790923839096900225e+08 5.404423592488067516e+04 3.415944971438875655e-01 9.000000000000000000e+00 9.115425000000000610e-02 3.038474999999999857e-02 4.035635648550000522e-13
2.200000000000000000e+04 2.790924839096900225e+08 5.404423708228807664e+04 3.423917469467596675e-01 3.000000000000000000e+00 3.038474999999999857e-02 1.754264359175999877e-02 1.345211882850000006e-13
2.210000000000000000e+04 2.790925839096900225e+08 5.404423823969548539e+04 3.431889967550887377e-01 7.000000000000000000e+00 7.089774999999999550e-02 2.679683071629000018e-02 3.138827726650000013e-13
2.220000000000000000e+04 2.790926839096900225e+08 5.404423939710289415e+04 3.439862465629630606e-01 5.000000000000000000e+00 5.064124999999999877e-02 2.264745549311000111e-02 2.242019804750000009e-13
2.230000000000000000e+04 2.790927839096900225e+08 5.404424055451030290e+04 3.447834963708373834e-01 1.100000000000000000e+01 1.114107500000000028e-01 3.359160503291999667e-02 4.932443570450000525e-13
2.240000000000000000e+04 2.790928839096900225e+08 5.404424171191771165e+04 3.455807461787117063e-01 1.000000000000000000e+01 1.012824999999999975e-01 3.202833871159999762e-02 4.484039609500000019e-13
2.250000000000000000e+04 2.790929839096900225e+08 5.404424286932511313e+04 3.463779959820385557e-01 6.000000000000000000e+00 6.076949999999999713e-02 2.480904448734000053e-02 2.690423765700000011e-13
2.260000000000000000e+04 2.790930839096900225e+08 5.404424402673252189e+04 3.471752457899128785e-01 7.000000000000000000e+00 7.089774999999999550e-02 2.679683071629000018e-02 3.138827726650000013e-13
2.270000000000000000e+04 2.790931839096900225e+08 5.404424518413993064e+04 3.479724955977872014e-01 4.000000000000000000e+00 4.051300000000000040e-02 2.025650000000000020e-02 1.793615843800000007e-13
2.280000000000000000e+04 2.790932839096900225e+08 5.404424634154733940e+04 3.487697454056615243e-01 6.000000000000000000e+00 6.076949999999999713e-02 2.480904448734000053e-02 2.690423765700000011e-13
2.290000000000000000e+04 2.790933839096900225e+08 5.404424749895474815e+04 3.495669952139905945e-01 4.000000000000000000e+00 4.051300000000000040e-02 2.025650000000000020e-02 1.793615843800000007e-13
2.300000000000000000e+04 2.790934839096900225e+08 5.404424865636214963e+04 3.503642450168626965e-01 1.200000000000000000e+01 1.215389999999999943e-01 3.508528718351999753e-02 5.380847531400000022e-13
2.310000000000000000e+04 2.790935839096900225e+08 5.404424981376955839e+04 3.511614948247370194e-01 4.000000000000000000e+00 4.051300000000000040e-02 2.025650000000000020e-02 1.793615843800000007e-13
2.320000000000000000e+04 2.790936839096900225e+08 5.404425097117696714e+04 3.519587446326113422e-01 8.000000000000000000e+00 8.102600000000000080e-02 2.864701702620999976e-02 3.587231687600000015e-13
2.330000000000000000e+04 2.790937839096900225e+08 5.404425212858437590e+04 3.527559944409404125e-01 8.000000000000000000e+00 8.102600000000000080e-02 2.864701702620999976e-02 3.587231687600000015e-13
2.340000000000000000e+04 2.790938839096900225e+08 5.404425328599178465e+04 3.535532442488147353e-01 7.000000000000000000e+00 7.089774999999999550e-02 2.679683071629000018e-02 3.138827726650000013e-13
2.350000000000000000e+04 2.790939839096900225e+08 5.404425444339919341e+04 3.543504940566890582e-01 5.000000000000000000e+00 5.064124999999999877e-02 2.264745549311000111e-02 2.242019804750000009e-13
2.360000000000000000e+04 2.790940839096900225e+08 5.404425560080659488e+04 3.551477438595611602e-01 1.000000000000000000e+01 1.012824999999999975e-01 3.202833871159999762e-02 4.484039609500000019e-13
2.370000000000000000e+04 2.790941839096900225e+08 5.404425675821400364e+04 3.559449936678902304e-01 7.000000000000000000e+00 7.089774999999999550e-02 2.679683071629000018e-02 3.138827726650000013e-13
2.380000000000000000e+04 2.790942839096900225e+08 5.404425791562141239e+04 3.567422434757645533e-01 4.000000000000000000e+00 4.051300000000000040e-02 2.025650000000000020e-02 1.793615843800000007e-13
2.390000000000000000e+04 2.790943839096900225e+08 5.404425907302882115e+04 3.575394932836388762e-01 3.000000000000000000e+00 3.038474999999999857e-02 1.754264359175999877e-02 1.345211882850000006e-13
2.400000000000000000e+04 2.790944839096900225e+08 5.404426023043622990e+04 3.583367430915131990e-01 2.000000000000000000e+00 2.025650000000000020e-02 1.432350851310999935e-02 8.968079219000000037e-14
2.410000000000000000e+04 2.790945839096900225e+08 5.404426138784363138e+04 3.591339928948400484e-01 5.000000000000000000e+00 5.064124999999999877e-02 2.264745549311000111e-02 2.242019804750000009e-13
2.420000000000000000e+04 2.790946839096900225e+08 5.404426254525104014e+04 3.599312427027143713e-01 5.000000000000000000e+00 5.064124999999999877e-02 2.264745549311000111e-02 2.242019804750000009e-13
2.430000000000000000e+04 2.790947839096900225e+08 5.404426370265844889e+04 3.607284925105886941e-01 6.000000000000000000e+00 6.076949999999999713e-02 2.480904448734000053e-02 2.690423765700000011e-13
2.440000000000000000e+04 2.790948839096900225e+08 5.404426486006585765e+04 3.615257423189177644e-01 8.000000000000000000e+00 8.102600000000000080e-02 2.864701702620999976e-02 3.587231687600000015e-13
2.450000000000000000e+04 2.790949839096900225e+08 5.404426601747326640e+04 3.623229921267920872e-01 7.000000000000000000e+00 7.089774999999999550e-02 2.679683071629000018e-02 3.138827726650000013e-13
2.460000000000000000e+04 2.790950839096900225e+08 5.404426717488067516e+04 3.631202419346664101e-01 5.000000000000000000e+00 5.064124999999999877e-02 2.264745549311000111e-02 2.242019804750000009e-13
2.470000000000000000e+04 2.790951839096900225e+08 5.404426833228807664e+04 3.639174917375385121e-01 4.000000000000000000e+00 4.051300000000000040e-02 2.025650000000000020e-02 1.793615843800000007e-13
2.480000000000000000e+04 2.790952839096900225e+08 5.404426948969548539e+04 3.647147415458675823e-01 3.000000000000000000e+00 3.038474999999999857e-02 1.754264359175999877e-02 1.345211882850000006e-13
2.490000000000000000e+04 2.790953839096900225e+08 5.404427064710289415e+04 3.655119913537419052e-01 1.200000000000000000e+01 1.215389999999999943e-01 3.508528718351999753e-02 5.380847531400000022e-13
2.500000000000000000e+04 2.790954839096900225e+08 5.404427180451030290e+04 3.663092411616162281e-01 5.000000000000000000e+00 5.064124999999999877e-02 2.264745549311000111e-02 2.242019804750000009e-13
2.510000000000000000e+04 2.790955839096900225e+08 5.404427296191771165e+04 3.671064909694905509e-01 5.000000000000000000e+00 5.064124999999999877e-02 2.264745549311000111e-02 2.242019804750000009e-13
2.520000000000000000e+04 2.790956839096900225e+08 5.404427411932511313e+04 3.679037407728174003e-01 1.100000000000000000e+01 1.114107500000000028e-01 3.359160503291999667e-02 4.932443570450000525e-13
2.530000000000000000e+04 2.790957839096900225e+08 5.404427527673252189e+04 3.687009905806917232e-01 3.000000000000000000e+00 3.038474999999999857e-02 1.754264359175999877e-02 1.345211882850000006e-13
2.540000000000000000e+04 2.790958839096900225e+08 5.404427643413993064e+04 3.694982403885660460e-01 4.000000000000000000e+00 4.051300000000000040e-02 2.025650000000000020e-02 1.793615843800000007e-13
2.550000000000000000e+04 2.790959839096900225e+08 5.404427759154733940e+04 3.702954901964403689e-01 5.000000000000000000e+00 5.064124999999999877e-02 2.264745549311000111e-02 2.242019804750000009e-13
2.560000000000000000e+04 2.790960839096900225e+08 5.404427874895474815e+04 3.710927400047694391e-01 8.000000000000000000e+00 8.102600000000000080e-02 2.864701702620999976e-02 3.587231687600000015e-13
2.570000000000000000e+04 2.790961839096900225e+08 5.404427990636214963e+04 3.718899898076415411e-01 6.000000000000000000e+00 6.076949999999999713e-02 2.480904448734000053e-02 2.690423765700000011e-13
2.580000000000000000e+04 2.790962839096900225e+08 5.404428106376955839e+04 3.726872396155158640e-01 7.000000000000000000e+00 7.089774999999999550e-02 2.679683071629000018e-02 3.138827726650000013e-13
2.590000000000000000e+04 2.790963839096900225e+08 5.404428222117696714e+04 3.734844894233901869e-01 5.000000000000000000e+00 5.064124999999999877e-02 2.264745549311000111e-02 2.242019804750000009e-13
2.600000000000000000e+04 2.790964839096900225e+08 5.404428337858437590e+04 3.742817392317192571e-01 9.000000000000000000e+00 9.115425000000000610e-02 3.038474999999999857e-02 4.035635648550000522e-13
2.610000000000000000e+04 2.790965839096900225e+08 5.404428453599178465e+04 3.750789890395935799e-01 6.000000000000000000e+00 6.076949999999999713e-02 2.480904448734000053e-02 2.690423765700000011e-13
2.620000000000000000e+04 2.790966839096900225e+08 5.404428569339919341e+04 3.758762388474679028e-01 8.000000000000000000e+00 8.102600000000000080e-02 2.864701702620999976e-02 3.587231687600000015e-13
2.630000000000000000e+04 2.790967839096900225e+08 5.404428685080659488e+04 3.766734886503400048e-01 4.000000000000000000e+00 4.051300000000000040e-02 2.025650000000000020e-02 1.793615843800000007e-13
2.640000000000000000e+04 2.790968839096900225e+08 5.404428800821400364e+04 3.774707384586690750e-01 6.000000000000000000e+00 6.076949999999999713e-02 2.480904448734000053e-02 2.690423765700000011e-13
2.650000000000000000e+04 2.790969839096900225e+08 5.404428916562141239e+04 3.782679882665433979e-01 7.000000000000000000e+00 7.089774999999999550e-02 2.679683071629000018e-02 3.138827726650000013e-13
2.660000000000000000e+04 2.790970839096900225e+08 5.404429032302882115e+04 3.790652380744177208e-01 8.000000000000000000e+00 8.102600000000000080e-02 2.864701702620999976e-02 3.587231687600000015e-13
2.670000000000000000e+04 2.790971839096900225e+08 5.404429148043622990e+04 3.798624878822920437e-01 7.000000000000000000e+00 7.089774999999999550e-02 2.679683071629000018e-02 3.138827726650000013e-13
2.680000000000000000e+04 2.790972839096900225e+08 5.404429263784363138e+04 3.806597376856188930e-01 3.000000000000000000e+00 3.038474999999999857e-02 1.754264359175999877e-02 1.345211882850000006e-13
2.690000000000000000e+04 2.790973839096900225e+08 5.404429379525104014e+04 3.814569874934932159e-01 7.000000000000000000e+00 7.089774999999999550e-02 2.679683071629000018e-02 3.138827726650000013e-13
2.700000000000000000e+04 2.790974839096900225e+08 5.404429495265844889e+04 3.822542373013675387e-01 7.000000000000000000e+00 7.089774999999999550e-02 2.679683071629000018e-02 3.138827726650000013e-13
2.710000000000000000e+04 2.790975839096900225e+08 5.404429611006585765e+04 3.830514871092418616e-01 5.000000000000000000e+00 5.064124999999999877e-02 2.264745549311000111e-02 2.242019804750000009e-13
2.720000000000000000e+04 2.790976839096900225e+08 5.404429726747326640e+04 3.838487369175709318e-01 2.000000000000000000e+00 2.025650000000000020e-02 1.432350851310999935e-02 8.968079219000000037e-14
2.730000000000000000e+04 2.790977839096900225e+08 5.404429842488067516e+04 3.846459867254452547e-01 9.000000000000000000e+00 9.115425000000000610e-02 3.038474999999999857e-02 4.035635648550000522e-13
2.740000000000000000e+04 2.790978839096900225e+08 5.404429958228807664e+04 3.854432365283173567e-01 4.000000000000000000e+00 4.051300000000000040e-02 2.025650000000000020e-02 1.793615843800000007e-13
2.750000000000000000e+04 2.790979839096900225e+08 5.404430073969548539e+04 3.862404863366464269e-01 8.000000000000000000e+00 8.102600000000000080e-02 2.864701702620999976e-02 3.587231687600000015e-13
2.760000000000000000e+04 2.790980839096900225e+08 5.404430189710289415e+04 3.870377361445207498e-01 2.000000000000000000e+00 2.025650000000000020e-02 1.432350851310999935e-02 8.968079219000000037e-14
2.770000000000000000e+04 2.790981839096900225e+08 5.404430305451030290e+04 3.878349859523950727e-01 6.000000000000000000e+00 6.076949999999999713e-02 2.480904448734000053e-02 2.690423765700000011e-13
2.780000000000000000e+04 2.790982839096900225e+08 5.404430421191771165e+04 3.886322357602693955e-01 8.000000000000000000e+00 8.102600000000000080e-02 2.864701702620999976e-02 3.587231687600000015e-13
2.790000000000000000e+04 2.790983839096900225e+08 5.404430536932511313e+04 3.894294855635962449e-01 5.000000000000000000e+00 5.064124999999999877e-02 2.264745549311000111e-02 2.242019804750000009e-13
2.800000000000000000e+04 2.790984839096900225e+08 5.404430652673252189e+04 3.902267353714705678e-01 6.000000000000000000e+00 6.076949999999999713e-02 2.480904448734000053e-02 2.690423765700000011e-13
2.810000000000000000e+04 2.790985839096900225e+08 5.404430768413993064e+04 3.910239851793448906e-01 8.000000000000000000e+00 8.102600000000000080e-02 2.864701702620999976e-02 3.587231687600000015e-13
2.820000000000000000e+04 2.790986839096900225e+08 5.404430884154733940e+04 3.918212349872192135e-01 1.400000000000000000e+01 1.417954999999999910e-01 3.789644142759000106e-02 6.277655453300000026e-13
2.830000000000000000e+04 2.790987839096900225e+08 5.404430999895474815e+04 3.926184847955482837e-01 5.000000000000000000e+00 5.064124999999999877e-02 2.264745549311000111e-02 2.242019804750000009e-13
2.840000000000000000e+04 2.790988839096900225e+08 5.404431115636214963e+04 3.934157345984203857e-01 5.000000000000000000e+00 5.064124999999999877e-02 2.264745549311000111e-02 2.242019804750000009e-13
2.850000000000000000e+04 2.790989839096900225e+08 5.404431231376955839e+04 3.942129844062947086e-01 9.000000000000000000e+00 9.115425000000000610e-02 3.038474999999999857e-02 4.035635648550000522e-13
2.860000000000000000e+04 2.790990839096900225e+08 5.404431347117696714e+04 3.950102342141690315e-01 7.000000000000000000e+00 7.089774999999999550e-02 2.679683071629000018e-02 3.138827726650000013e-13
2.870000000000000000e+04 2.790991839096900225e+08 5.404431462858437590e+04 3.958074840224981017e-01 8.000000000000000000e+00 8.102600000000000080e-02 2.864701702620999976e-02 3.587231687600000015e-13
2.880000000000000000e+04 2.790992839096900225e+08 5.404431578599178465e+04 3.966047338303724246e-01 8.000000000000000000e+00 8.102600000000000080e-02 2.864701702620999976e-02 3.587231687600000015e-13
2.890000000000000000e+04 2.790993839096900225e+08 5.404431694339919341e+04 3.974019836382467474e-01 7.000000000000000000e+00 7.089774999999999550e-02 2.679683071629000018e-02 3.138827726650000013e-13
2.900000000000000000e+04 2.790994839096900225e+08 5.404431810080659488e+04 3.981992334411188494e-01 1.300000000000000000e+01 1.316672500000000134e-01 3.651792470571999655e-02 5.829251492350000529e-13
2.910000000000000000e+04 2.790995839096900225e+08 5.404431925821400364e+04 3.989964832494479197e-01 3.000000000000000000e+00 3.038474999999999857e-02 1.754264359175999877e-02 1.345211882850000006e-13
2.920000000000000000e+04 2.790996839096900225e+08 5.404432041562141239e+04 3.997937330573222425e-01 8.000000000000000000e+00 8.102600000000000080e-02 2.864701702620999976e-02 3.587231687600000015e-13
2.930000000000000000e+04 2.790997839096900225e+08 5.404432157302882115e+04 4.005909828651965654e-01 4.000000000000000000e+00 4.051300000000000040e-02 2.025650000000000020e-02 1.793615843800000007e-13
2.940000000000000000e+04 2.790998839096900225e+08 5.404432273043622990e+04 4.013882326730708883e-01 3.000000000000000000e+00 3.038474999999999857e-02 1.754264359175999877e-02 1.345211882850000006e-13
2.950000000000000000e+04 2.790999839096900225e+08 5.404432388784363138e+04 4.021854824763977376e-01 2.000000000000000000e+00 2.025650000000000020e-02 1.432350851310999935e-02 8.968079219000000037e-14
2.960000000000000000e+04 2.791000839096900225e+08 5.404432504525104014e+04 4.029827322842720605e-01 4.000000000000000000e+00 4.051300000000000040e-02 2.025650000000000020e-02 1.793615843800000007e-13
2.970000000000000000e+04 2.791001839096900225e+08 5.404432620265844889e+04 4.037799820921463834e-01 8.000000000000000000e+00 8.102600000000000080e-02 2.864701702620999976e-02 3.587231687600000015e-13
2.980000000000000000e+04 2.791002839096900225e+08 5.404432736006585765e+04 4.045772319000207062e-01 1.000000000000000000e+00 1.012825000000000010e-02 1.012825000000000010e-02 4.484039609500000019e-14
2.990000000000000000e+04 2.791003839096900225e+08 5.404432851747326640e+04 4.053744817083497765e-01 5.000000000000000000e+00 5.064124999999999877e-02 2.264745549311000111e-02 2.242019804750000009e-13
3.000000000000000000e+04 2.791004839096900225e+08 5.404432967488067516e+04 4.061717315162240993e-01 4.000000000000000000e+00 4.051300000000000040e-02 2.025650000000000020e-02 1.793615843800000007e-13
3.010000000000000000e+04 2.791005839096900225e+08 5.404433083228807664e+04 4.069689813190962013e-01 3.000000000000000000e+00 3.038474999999999857e-02 1.754264359175999877e-02 1.345211882850000006e-13
3.020000000000000000e+04 2.791006839096900225e+08 5.404433198969548539e+04 4.077662311269705242e-01 0.000000000000000000e+00 0.000000000000000000e+00 0.000000000000000000e+00 0.000000000000000000e+00
3.030000000000000000e+04 2.791007839096900225e+08 5.404433314710289415e+04 4.085634809352995944e-01 3.000000000000000000e+00 3.038474999999999857e-02 1.754264359175999877e-02 1.345211882850000006e-13
3.040000000000000000e+04 2.791008839096900225e+08 5.404433430451030290e+04 4.093607307431739173e-01 1.000000000000000000e+00 1.012825000000000010e-02 1.012825000000000010e-02 4.484039609500000019e-14
3.050000000000000000e+04 2.791009839096900225e+08 5.404433546191771165e+04 4.101579805510482402e-01 1.000000000000000000e+00 1.012825000000000010e-02 1.012825000000000010e-02 4.484039609500000019e-14
3.060000000000000000e+04 2.791010839096900225e+08 5.404433661932511313e+04 4.109552303543750895e-01 1.000000000000000000e+00 1.012825000000000010e-02 1.012825000000000010e-02 4.484039609500000019e-14
3.070000000000000000e+04 2.791011839096900225e+08 5.404433777673252189e+04 4.117524801622494124e-01 3.000000000000000000e+00 3.038474999999999857e-02 1.754264359175999877e-02 1.345211882850000006e-13
3.080000000000000000e+04 2.791012839096900225e+08 5.404433893413993064e+04 4.125497299701237353e-01 1.000000000000000000e+00 1.012825000000000010e-02 1.012825000000000010e-02 4.484039609500000019e-14
3.090000000000000000e+04 2.791013839096900225e+08 5.404434009154733940e+04 4.133469797779980581e-01 0.000000000000000000e+00 0.000000000000000000e+00 0.000000000000000000e+00 0.000000000000000000e+00
3.100000000000000000e+04 2.791014839096900225e+08 5.404434124895474815e+04 4.141442295863271283e-01 0.000000000000000000e+00 0.000000000000000000e+00 0.000000000000000000e+00 0.000000000000000000e+00
3.110000000000000000e+04 2.791015839096900225e+08 5.404434240636214963e+04 4.149414793891992304e-01 0.000000000000000000e+00 0.000000000000000000e+00 0.000000000000000000e+00 0.000000000000000000e+00
3.120000000000000000e+04 2.791016839096900225e+08 5.404434356376955839e+04 4.157387291970735532e-01 2.000000000000000000e+00 2.025650000000000020e-02 1.432350851310999935e-02 8.968079219000000037e-14
3.130000000000000000e+04 2.791017839096900225e+08 5.404434472117696714e+04 4.165359790049478761e-01 4.000000000000000000e+00 4.051300000000000040e-02 2.025650000000000020e-02 1.793615843800000007e-13
3.140000000000000000e+04 2.791018839096900225e+08 5.404434587858437590e+04 4.173332288132769463e-01 1.000000000000000000e+00 1.012825000000000010e-02 1.012825000000000010e-02 4.484039609500000019e-14
3.150000000000000000e+04 2.791019839096900225e+08 5.404434703599178465e+04 4.181304786211512692e-01 1.000000000000000000e+00 1.012825000000000010e-02 1.012825000000000010e-02 4.484039609500000019e-14
3.160000000000000000e+04 2.791020839096900225e+08 5.404434819339919341e+04 4.189277284290255920e-01 2.000000000000000000e+00 2.025650000000000020e-02 1.432350851310999935e-02 8.968079219000000037e-14
3.170000000000000000e+04 2.791021839096900225e+08 5.404434935080659488e+04 4.197249782318976941e-01 1.000000000000000000e+00 1.012825000000000010e-02 1.012825000000000010e-02 4.484039609500000019e-14
3.180000000000000000e+04 2.791022839096900225e+08 5.404435050821400364e+04 4.205222280402267643e-01 1.000000000000000000e+00 1.012825000000000010e-02 1.012825000000000010e-02 4.484039609500000019e-14
3.190000000000000000e+04 2.791023839096900225e+08 5.404435166562141239e+04 4.213194778481010871e-01 2.000000000000000000e+00 2.025650000000000020e-02 1.432350851310999935e-02 8.968079219000000037e-14
3.200000000000000000e+04 2.791024839096900225e+08 5.404435282302882115e+04 4.221167276559754100e-01 0.000000000000000000e+00 0.000000000000000000e+00 0.000000000000000000e+00 0.000000000000000000e+00
3.210000000000000000e+04 2.791025839096900225e+08 5.404435398043622990e+04 4.229139774638497329e-01 2.000000000000000000e+00 2.025650000000000020e-02 1.432350851310999935e-02 8.968079219000000037e-14
3.220000000000000000e+04 2.791026839096900225e+08 5.404435513784363138e+04 4.237112272671765822e-01 3.000000000000000000e+00 3.038474999999999857e-02 1.754264359175999877e-02 1.345211882850000006e-13
3.230000000000000000e+04 2.791027839096900225e+08 5.404435629525104014e+04 4.245084770750509051e-01 1.000000000000000000e+00 1.012825000000000010e-02 1.012825000000000010e-02 4.484039609500000019e-14
3.240000000000000000e+04 2.791028839096900225e+08 5.404435745265844889e+04 4.253057268829252280e-01 0.000000000000000000e+00 0.000000000000000000e+00 0.000000000000000000e+00 0.000000000000000000e+00
3.250000000000000000e+04 2.791029839096900225e+08 5.404435861006585765e+04 4.261029766907995509e-01 0.000000000000000000e+00 0.000000000000000000e+00 0.000000000000000000e+00 0.000000000000000000e+00
3.260000000000000000e+04 2.791030839096900225e+08 5.404435976747326640e+04 4.269002264991286211e-01 1.000000000000000000e+00 1.012825000000000010e-02 1.012825000000000010e-02 4.484039609500000019e-14
3.270000000000000000e+04 2.791031839096900225e+08 5.404436092488067516e+04 4.276974763070029439e-01 0.000000000000000000e+00 0.000000000000000000e+00 0.000000000000000000e+00 0.000000000000000000e+00
3.280000000000000000e+04 2.791032839096900225e+08 5.404436208228807664e+04 4.284947261098750459e-01 1.000000000000000000e+00 1.012825000000000010e-02 1.012825000000000010e-02 4.484039609500000019e-14
3.290000000000000000e+04 2.791033839096900225e+08 5.404436323969548539e+04 4.292919759177493688e-01 2.000000000000000000e+00 2.025650000000000020e-02 1.432350851310999935e-02 8.968079219000000037e-14
3.300000000000000000e+04 2.791034839096900225e+08 5.404436439710289415e+04 4.300892257260784390e-01 0.000000000000000000e+00 0.000000000000000000e+00 0.000000000000000000e+00 0.000000000000000000e+00
3.310000000000000000e+04 2.791035839096900225e+08 5.404436555451030290e+04 4.308864755339527619e-01 4.000000000000000000e+00 4.051300000000000040e-02 2.025650000000000020e-02 1.793615843800000007e-13
3.320000000000000000e+04 2.791036839096900225e+08 5.404436671191771165e+04 4.316837253418270848e-01 3.000000000000000000e+00 3.038474999999999857e-02 1.754264359175999877e-02 1.345211882850000006e-13
3.330000000000000000e+04 2.791037839096900225e+08 5.404436786932511313e+04 4.324809751451539341e-01 1.000000000000000000e+00 1.012825000000000010e-02 1.012825000000000010e-02 4.484039609500000019e-14
3.340000000000000000e+04 2.791038839096900225e+08 5.404436902673252189e+04 4.332782249530282570e-01 1.000000000000000000e+00 1.012825000000000010e-02 1.012825000000000010e-02 4.484039609500000019e-14
3.350000000000000000e+04 2.791039839096900225e+08 5.404437018413993064e+04 4.340754747609025799e-01 1.000000000000000000e+00 1.012825000000000010e-02 1.012825000000000010e-02 4.484039609500000019e-14
3.360000000000000000e+04 2.791040839096900225e+08 5.404437134154733940e+04 4.348727245687769027e-01 0.000000000000000000e+00 0.000000000000000000e+00 0.000000000000000000e+00 0.000000000000000000e+00
3.370000000000000000e+04 2.791041839096900225e+08 5.404437249895474815e+04 4.356699743771059730e-01 1.000000000000000000e+00 1.012825000000000010e-02 1.012825000000000010e-02 4.484039609500000019e-14
3.380000000000000000e+04 2.791042839096900225e+08 5.404437365636214963e+04 4.364672241799780750e-01 1.000000000000000000e+00 1.012825000000000010e-02 1.012825000000000010e-02 4.484039609500000019e-14
3.390000000000000000e+04 2.791043839096900225e+08 5.404437481376955839e+04 4.372644739878523978e-01 2.000000000000000000e+00 2.025650000000000020e-02 1.432350851310999935e-02 8.968079219000000037e-14
3.400000000000000000e+04 2.791044839096900225e+08 5.404437597117696714e+04 4.380617237957267207e-01 0.000000000000000000e+00 0.000000000000000000e+00 0.000000000000000000e+00 0.000000000000000000e+00
3.410000000000000000e+04 2.791045839096900225e+08 5.404437712858437590e+04 4.388589736040557909e-01 2.000000000000000000e+00 2.025650000000000020e-02 1.432350851310999935e-02 8.968079219000000037e-14
3.420000000000000000e+04 2.791046839096900225e+08 5.404437828599178465e+04 4.396562234119301138e-01 2.000000000000000000e+00 2.025650000000000020e-02 1.432350851310999935e-02 8.968079219000000037e-14
3.430000000000000000e+04 2.791047839096900225e+08 5.404437944339919341e+04 4.404534732198044367e-01 1.000000000000000000e+00 1.012825000000000010e-02 1.012825000000000010e-02 4.484039609500000019e-14
3.440000000000000000e+04 2.791048839096900225e+08 5.404438060080659488e+04 4.412507230226765387e-01 2.000000000000000000e+00 2.025650000000000020e-02 1.432350851310999935e-02 8.968079219000000037e-14
3.450000000000000000e+04 2.791049839096900225e+08 5.404438175821400364e+04 4.420479728310056089e-01 3.000000000000000000e+00 3.038474999999999857e-02 1.754264359175999877e-02 1.345211882850000006e-13
3.460000000000000000e+04 2.791050839096900225e+08 5.404438291562141239e+04 4.428452226388799318e-01 0.000000000000000000e+00 0.000000000000000000e+00 0.000000000000000000e+00 0.000000000000000000e+00
3.470000000000000000e+04 2.791051839096900225e+08 5.404438407302882115e+04 4.436424724467542546e-01 0.000000000000000000e+00 0.000000000000000000e+00 0.000000000000000000e+00 0.000000000000000000e+00
3.480000000000000000e+04 2.791052839096900225e+08 5.404438523043622990e+04 4.444397222546285775e-01 0.000000000000000000e+00 0.000000000000000000e+00 0.000000000000000000e+00 0.000000000000000000e+00
3.490000000000000000e+04 2.791053839096900225e+08 5.404438638784363138e+04 4.452369720579554269e-01 1.000000000000000000e+00 1.012825000000000010e-02 1.012825000000000010e-02 4.484039609500000019e-14
3.500000000000000000e+04 2.791054839096900225e+08 5.404438754525104014e+04 4.460342218658297497e-01 0.000000000000000000e+00 0.000000000000000000e+00 0.000000000000000000e+00 0.000000000000000000e+00
3.510000000000000000e+04 2.791055839096900225e+08 5.404438870265844889e+04 4.468314716737040726e-01 0.000000000000000000e+00 0.000000000000000000e+00 0.000000000000000000e+00 0.000000000000000000e+00
3.520000000000000000e+04 2.791056839096900225e+08 5.404438986006585765e+04 4.476287214815783955e-01 3.000000000000000000e+00 3.038474999999999857e-02 1.754264359175999877e-02 1.345211882850000006e-13
3.530000000000000000e+04 2.791057839096900225e+08 5.404439101747326640e+04 4.484259712899074657e-01 1.000000000000000000e+00 1.012825000000000010e-02 1.012825000000000010e-02 4.484039609500000019e-14
3.540000000000000000e+04 2.791058839096900225e+08 5.404439217488067516e+04 4.492232210977817886e-01 0.000000000000000000e+00 0.000000000000000000e+00 0.000000000000000000e+00 0.000000000000000000e+00
3.550000000000000000e+04 2.791059839096900225e+08 5.404439333228807664e+04 4.500204709006538906e-01 1.000000000000000000e+00 1.012825000000000010e-02 1.012825000000000010e-02 4.484039609500000019e-14
3.560000000000000000e+04 2.791060839096900225e+08 5.404439448969548539e+04 4.508177207085282134e-01 0.000000000000000000e+00 0.000000000000000000e+00 0.000000000000000000e+00 0.000000000000000000e+00
3.570000000000000000e+04 2.791061839096900225e+08 5.404439564710289415e+04 4.516149705168572837e-01 0.000000000000000000e+00 0.000000000000000000e+00 0.000000000000000000e+00 0.000000000000000000e+00
3.580000000000000000e+04 2.791062839096900225e+08 5.404439680451030290e+04 4.524122203247316065e-01 1.000000000000000000e+00 1.012825000000000010e-02 1.012825000000000010e-02 4.484039609500000019e-14
3.590000000000000000e+04 2.791063839096900225e+08 5.404439796191771165e+04 4.532094701326059294e-01 0.000000000000000000e+00 0.000000000000000000e+00 0.000000000000000000e+00 0.000000000000000000e+00
3.600000000000000000e+04 2.791064839096900225e+08 5.404439911932511313e+04 4.540067199354780314e-01 0.000000000000000000e+00 0.000000000000000000e+00 0.000000000000000000e+00 0.000000000000000000e+00
3.610000000000000000e+04 2.791065839096900225e+08 5.404440027673252189e+04 4.548039697438071016e-01 1.000000000000000000e+00 1.012825000000000010e-02 1.012825000000000010e-02 4.484039609500000019e-14
3.620000000000000000e+04 2.791066839096900225e+08 5.404440143413993064e+04 4.556012195516814245e-01 1.000000000000000000e+00 1.012825000000000010e-02 1.012825000000000010e-02 4.484039609500000019e-14
3.630000000000000000e+04 2.791067839096900225e+08 5.404440259154733940e+04 4.563984693595557474e-01 0.000000000000000000e+00 0.000000000000000000e+00 0.000000000000000000e+00 0.000000000000000000e+00
3.640000000000000000e+04 2.791068839096900225e+08 5.404440374895474815e+04 4.571957191678848176e-01 1.000000000000000000e+00 1.012825000000000010e-02 1.012825000000000010e-02 4.484039609500000019e-14
3.650000000000000000e+04 2.791069839096900225e+08 5.404440490636214963e+04 4.579929689707569196e-01 3.000000000000000000e+00 3.038474999999999857e-02 1.754264359175999877e-02 1.345211882850000006e-13
3.660000000000000000e+04 2.791070839096900225e+08 5.404440606376955839e+04 4.587902187786312425e-01 0.000000000000000000e+00 0.000000000000000000e+00 0.000000000000000000e+00 0.000000000000000000e+00
3.670000000000000000e+04 2.791071839096900225e+08 5.404440722117696714e+04 4.595874685865055653e-01 0.000000000000000000e+00 0.000000000000000000e+00 0.000000000000000000e+00 0.000000000000000000e+00
3.680000000000000000e+04 2.791072839096900225e+08 5.404440837858437590e+04 4.603847183948346355e-01 0.000000000000000000e+00 0.000000000000000000e+00 0.000000000000000000e+00 0.000000000000000000e+00
3.690000000000000000e+04 2.791073839096900225e+08 5.404440953599178465e+04 4.611819682027089584e-01 3.000000000000000000e+00 3.038474999999999857e-02 1.754264359175999877e-02 1.345211882850000006e-13
3.700000000000000000e+04 2.791074839096900225e+08 5.404441069339919341e+04 4.619792180105832813e-01 1.000000000000000000e+00 1.012825000000000010e-02 1.012825000000000010e-02 4.484039609500000019e-14
3.710000000000000000e+04 2.791075839096900225e+08 5.404441185080659488e+04 4.627764678134553833e-01 2.000000000000000000e+00 2.025650000000000020e-02 1.432350851310999935e-02 8.968079219000000037e-14
3.720000000000000000e+04 2.791076839096900225e+08 5.404441300821400364e+04 4.635737176217844535e-01 1.000000000000000000e+00 1.012825000000000010e-02 1.012825000000000010e-02 4.484039609500000019e-14
3.730000000000000000e+04 2.791077839096900225e+08 5.404441416562141239e+04 4.643709674296587764e-01 0.000000000000000000e+00 0.000000000000000000e+00 0.000000000000000000e+00 0.000000000000000000e+00
3.740000000000000000e+04 2.791078839096900225e+08 5.404441532302882115e+04 4.651682172375330993e-01 2.000000000000000000e+00 2.025650000000000020e-02 1.432350851310999935e-02 8.968079219000000037e-14
3.750000000000000000e+04 2.791079839096900225e+08 5.404441648043622990e+04 4.659654670454074221e-01 1.000000000000000000e+00 1.012825000000000010e-02 1.012825000000000010e-02 4.484039609500000019e-14
3.760000000000000000e+04 2.791080839096900225e+08 5.404441763784363138e+04 4.667627168487342715e-01 0.000000000000000000e+00 0.000000000000000000e+00 0.000000000000000000e+00 0.000000000000000000e+00
3.770000000000000000e+04 2.791081839096900225e+08 5.404441879525104014e+04 4.675599666566085943e-01 0.000000000000000000e+00 0.000000000000000000e+00 0.000000000000000000e+00 0.000000000000000000e+00
3.780000000000000000e+04 2.791082839096900225e+08 5.404441995265844889e+04 4.683572164644829172e-01 1.000000000000000000e+00 1.012825000000000010e-02 1.012825000000000010e-02 4.484039609500000019e-14
3.790000000000000000e+04 2.791083839096900225e+08 5.404442111006585765e+04 4.691544662723572401e-01 0.000000000000000000e+00 0.000000000000000000e+00 0.000000000000000000e+00 0.000000000000000000e+00
3.800000000000000000e+04 2.791084839096900225e+08 5.404442226747326640e+04 4.699517160806863103e-01 0.000000000000000000e+00 0.000000000000000000e+00 0.000000000000000000e+00 0.000000000000000000e+00
3.810000000000000000e+04 2.791085839096900225e+08 5.404442342488067516e+04 4.707489658885606332e-01 2.000000000000000000e+00 2.025650000000000020e-02 1.432350851310999935e-02 8.968079219000000037e-14
3.820000000000000000e+04 2.791086839096900225e+08 5.404442458228807664e+04 4.715462156914327352e-01 0.000000000000000000e+00 0.000000000000000000e+00 0.000000000000000000e+00 0.000000000000000000e+00
3.830000000000000000e+04 2.791087839096900225e+08 5.404442573969548539e+04 4.723434654993070581e-01 2.000000000000000000e+00 2.025650000000000020e-02 1.432350851310999935e-02 8.968079219000000037e-14
3.840000000000000000e+04 2.791088839096900225e+08 5.404442689710289415e+04 4.731407153076361283e-01 0.000000000000000000e+00 0.000000000000000000e+00 0.000000000000000000e+00 0.000000000000000000e+00
3.850000000000000000e+04 2.791089839096900225e+08 5.404442805451030290e+04 4.739379651155104511e-01 0.000000000000000000e+00 0.000000000000000000e+00 0.000000000000000000e+00 0.000000000000000000e+00
3.860000000000000000e+04 2.791090839096900225e+08 5.404442921191771165e+04 4.747352149233847740e-01 0.000000000000000000e+00 0.000000000000000000e+00 0.000000000000000000e+00 0.000000000000000000e+00
3.870000000000000000e+04 2.791091839096900225e+08 5.404443036932511313e+04 4.755324647262568760e-01 2.000000000000000000e+00 2.025650000000000020e-02 1.432350851310999935e-02 8.968079219000000037e-14
3.880000000000000000e+04 2.791092839096900225e+08 5.404443152673252189e+04 4.763297145345859462e-01 1.000000000000000000e+00 1.012825000000000010e-02 1.012825000000000010e-02 4.484039609500000019e-14
3.890000000000000000e+04 2.791093839096900225e+08 5.404443268413993064e+04 4.771269643424602691e-01 1.000000000000000000e+00 1.012825000000000010e-02 1.012825000000000010e-02 4.484039609500000019e-14
3.900000000000000000e+04 2.791094839096900225e+08 5.404443384154733940e+04 4.779242141503345920e-01 0.000000000000000000e+00 0.000000000000000000e+00 0.000000000000000000e+00 0.000000000000000000e+00
3.910000000000000000e+04 2.791095839096900225e+08 5.404443499895474815e+04 4.787214639586636622e-01 1.000000000000000000e+00 1.012825000000000010e-02 1.012825000000000010e-02 4.484039609500000019e-14
3.920000000000000000e+04 2.791096839096900225e+08 5.404443615636214963e+04 4.795187137615357642e-01 0.000000000000000000e+00 0.000000000000000000e+00 0.000000000000000000e+00 0.000000000000000000e+00
3.930000000000000000e+04 2.791097839096900225e+08 5.404443731376955839e+04 4.803159635694100871e-01 0.000000000000000000e+00 0.000000000000000000e+00 0.000000000000000000e+00 0.000000000000000000e+00
3.940000000000000000e+04 2.791098839096900225e+08 5.404443847117696714e+04 4.811132133772844099e-01 2.000000000000000000e+00 2.025650000000000020e-02 1.432350851310999935e-02 8.968079219000000037e-14
3.950000000000000000e+04 2.791099839096900225e+08 5.404443962858437590e+04 4.819104631856134802e-01 4.000000000000000000e+00 4.051300000000000040e-02 2.025650000000000020e-02 1.793615843800000007e-13
3.960000000000000000e+04 2.791100839096900225e+08 5.404444078599178465e+04 4.827077129934878030e-01 2.000000000000000000e+00 2.025650000000000020e-02 1.432350851310999935e-02 8.968079219000000037e-14
3.970000000000000000e+04 2.791101839096900225e+08 5.404444194339919341e+04 4.835049628013621259e-01 0.000000000000000000e+00 0.000000000000000000e+00 0.000000000000000000e+00 0.000000000000000000e+00
3.980000000000000000e+04 2.791102839096900225e+08 5.404444310080659488e+04 4.843022126042342279e-01 2.000000000000000000e+00 2.025650000000000020e-02 1.432350851310999935e-02 8.968079219000000037e-14
3.990000000000000000e+04 2.791103839096900225e+08 5.404444425821400364e+04 4.850994624125632981e-01 2.000000000000000000e+00 2.025650000000000020e-02 1.432350851310999935e-02 8.968079219000000037e-14
4.000000000000000000e+04 2.791104839096900225e+08 5.404444541562141239e+04 4.858967122204376210e-01 1.000000000000000000e+00 1.012825000000000010e-02 1.012825000000000010e-02 4.484039609500000019e-14
4.010000000000000000e+04 2.791105839096900225e+08 5.404444657302882115e+04 4.866939620283119439e-01 0.000000000000000000e+00 0.000000000000000000e+00 0.000000000000000000e+00 0.000000000000000000e+00
4.020000000000000000e+04 2.791106839096900225e+08 5.404444773043622990e+04 4.874912118361862667e-01 0.000000000000000000e+00 0.000000000000000000e+00 0.000000000000000000e+00 0.000000000000000000e+00
4.030000000000000000e+04 2.791107839096900225e+08 5.404444888784363138e+04 4.882884616395131161e-01 0.000000000000000000e+00 0.000000000000000000e+00 0.000000000000000000e+00 0.000000000000000000e+00
4.040000000000000000e+04 2.791108839096900225e+08 5.404445004525104014e+04 4.890857114473874390e-01 0.000000000000000000e+00 0.000000000000000000e+00 0.000000000000000000e+00 0.000000000000000000e+00
4.050000000000000000e+04 2.791109839096900225e+08 5.404445120265844889e+04 4.898829612552617618e-01 1.000000000000000000e+00 1.012825000000000010e-02 1.012825000000000010e-02 4.484039609500000019e-14
4.060000000000000000e+04 2.791110839096900225e+08 5.404445236006585765e+04 4.906802110631360847e-01 0.000000000000000000e+00 0.000000000000000000e+00 0.000000000000000000e+00 0.000000000000000000e+00
4.070000000000000000e+04 2.791111839096900225e+08 5.404445351747326640e+04 4.914774608714651549e-01 2.000000000000000000e+00 2.025650000000000020e-02 1.432350851310999935e-02 8.968079219000000037e-14
4.080000000000000000e+04 2.791112839096900225e+08 5.404445467488067516e+04 4.922747106793394778e-01 0.000000000000000000e+00 0.000000000000000000e+00 0.000000000000000000e+00 0.000000000000000000e+00
4.090000000000000000e+04 2.791113839096900225e+08 5.404445583228807664e+04 4.930719604822115798e-01 3.000000000000000000e+00 3.038474999999999857e-02 1.754264359175999877e-02 1.345211882850000006e-13
4.100000000000000000e+04 2.791114839096900225e+08 5.404445698969548539e+04 4.938692102900859027e-01 1.000000000000000000e+00 1.012825000000000010e-02 1.012825000000000010e-02 4.484039609500000019e-14
4.110000000000000000e+04 2.791115839096900225e+08 5.404445814710289415e+04 4.946664600984149729e-01 0.000000000000000000e+00 0.000000000000000000e+00 0.000000000000000000e+00 0.000000000000000000e+00
4.120000000000000000e+04 2.791116839096900225e+08 5.404445930451030290e+04 4.954637099062892958e-01 1.000000000000000000e+00 1.012825000000000010e-02 1.012825000000000010e-02 4.484039609500000019e-14
4.130000000000000000e+04 2.791117839096900225e+08 5.404446046191771165e+04 4.962609597141636186e-01 1.000000000000000000e+00 1.012825000000000010e-02 1.012825000000000010e-02 4.484039609500000019e-14
4.140000000000000000e+04 2.791118839096900225e+08 5.404446161932511313e+04 4.970582095170357206e-01 1.000000000000000000e+00 1.012825000000000010e-02 1.012825000000000010e-02 4.484039609500000019e-14
4.150000000000000000e+04 2.791119839096900225e+08 5.404446277673252189e+04 4.978554593253647909e-01 1.000000000000000000e+00 1.012825000000000010e-02 1.012825000000000010e-02 4.484039609500000019e-14
4.160000000000000000e+04 2.791120839096900225e+08 5.404446393413993064e+04 4.986527091332391137e-01 0.000000000000000000e+00 0.000000000000000000e+00 0.000000000000000000e+00 0.000000000000000000e+00
4.170000000000000000e+04 2.791121839096900225e+08 5.404446509154733940e+04 4.994499589411134366e-01 1.000000000000000000e+00 1.012825000000000010e-02 1.012825000000000010e-02 4.484039609500000019e-14
4.180000000000000000e+04 2.791122839096900225e+08 5.404446624895474815e+04 5.002472087489877595e-01 1.000000000000000000e+00 1.012825000000000010e-02 1.012825000000000010e-02 4.484039609500000019e-14
4.190000000000000000e+04 2.791123839096900225e+08 5.404446740636214963e+04 5.010444585523146088e-01 2.000000000000000000e+00 2.025650000000000020e-02 1.432350851310999935e-02 8.968079219000000037e-14
4.200000000000000000e+04 2.791124839096900225e+08 5.404446856376955839e+04 5.018417083601889317e-01 3.000000000000000000e+00 3.038474999999999857e-02 1.754264359175999877e-02 1.345211882850000006e-13
4.210000000000000000e+04 2.791125839096900225e+08 5.404446972117696714e+04 5.026389581680632546e-01 2.000000000000000000e+00 2.025650000000000020e-02 1.432350851310999935e-02 8.968079219000000037e-14
4.220000000000000000e+04 2.791126839096900225e+08 5.404447087858437590e+04 5.034362079763923248e-01 1.000000000000000000e+00 1.012825000000000010e-02 1.012825000000000010e-02 4.484039609500000019e-14
4.230000000000000000e+04 2.791127839096900225e+08 5.404447203599178465e+04 5.042334577842666476e-01 0.000000000000000000e+00 0.000000000000000000e+00 0.000000000000000000e+00 0.000000000000000000e+00
4.240000000000000000e+04 2.791128839096900225e+08 5.404447319339919341e+04 5.050307075921409705e-01 0.000000000000000000e+00 0.000000000000000000e+00 0.000000000000000000e+00 0.000000000000000000e+00
4.250000000000000000e+04 2.791129839096900225e+08 5.404447435080659488e+04 5.058279573950130725e-01 0.000000000000000000e+00 0.000000000000000000e+00 0.000000000000000000e+00 0.000000000000000000e+00
4.260000000000000000e+04 2.791130839096900225e+08 5.404447550821400364e+04 5.066252072033421427e-01 0.000000000000000000e+00 0.000000000000000000e+00 0.000000000000000000e+00 0.000000000000000000e+00
4.270000000000000000e+04 2.791131839096900225e+08 5.404447666562141239e+04 5.074224570112164656e-01 0.000000000000000000e+00 0.000000000000000000e+00 0.000000000000000000e+00 0.000000000000000000e+00
4.280000000000000000e+04 2.791132839096900225e+08 5.404447782302882115e+04 5.082197068190907885e-01 1.000000000000000000e+00 1.012825000000000010e-02 1.012825000000000010e-02 4.484039609500000019e-14
4.290000000000000000e+04 2.791133839096900225e+08 5.404447898043622990e+04 5.090169566269651114e-01 1.000000000000000000e+00 1.012825000000000010e-02 1.012825000000000010e-02 4.484039609500000019e-14
4.300000000000000000e+04 2.791134839096900225e+08 5.404448013784363138e+04 5.098142064302919607e-01 1.000000000000000000e+00 1.012825000000000010e-02 1.012825000000000010e-02 4.484039609500000019e-14
4.310000000000000000e+04 2.791135839096900225e+08 5.404448129525104014e+04 5.106114562381662836e-01 2.000000000000000000e+00 2.025650000000000020e-02 1.432350851310999935e-02 8.968079219000000037e-14
4.320000000000000000e+04 2.791136839096900225e+08 5.404448245265844889e+04 5.114087060460406065e-01 1.000000000000000000e+00 1.012825000000000010e-02 1.012825000000000010e-02 4.484039609500000019e-14
4.330000000000000000e+04 2.791137839096900225e+08 5.404448361006585765e+04 5.122059558539149293e-01 1.000000000000000000e+00 1.012825000000000010e-02 1.012825000000000010e-02 4.484039609500000019e-14
4.340000000000000000e+04 2.791138839096900225e+08 5.404448476747326640e+04 5.130032056622439995e-01 0.000000000000000000e+00 0.000000000000000000e+00 0.000000000000000000e+00 0.000000000000000000e+00
4.350000000000000000e+04 2.791139839096900225e+08 5.404448592488067516e+04 5.138004554701183224e-01 0.000000000000000000e+00 0.000000000000000000e+00 0.000000000000000000e+00 0.000000000000000000e+00
4.360000000000000000e+04 2.791140839096900225e+08 5.404448708228807664e+04 5.145977052729904244e-01 1.000000000000000000e+00 1.012825000000000010e-02 1.012825000000000010e-02 4.484039609500000019e-14
4.370000000000000000e+04 2.791141839096900225e+08 5.404448823969548539e+04 5.153949550808647473e-01 1.000000000000000000e+00 1.012825000000000010e-02 1.012825000000000010e-02 4.484039609500000019e-14
4.380000000000000000e+04 2.791142839096900225e+08 5.404448939710289415e+04 5.161922048891938175e-01 5.000000000000000000e+00 5.064124999999999877e-02 2.264745549311000111e-02 2.242019804750000009e-13
4.390000000000000000e+04 2.791143839096900225e+08 5.404449055451030290e+04 5.169894546970681404e-01 5.000000000000000000e+00 5.064124999999999877e-02 2.264745549311000111e-02 2.242019804750000009e-13
4.400000000000000000e+04 2.791144839096900225e+08 5.404449171191771165e+04 5.177867045049424632e-01 0.000000000000000000e+00 0.000000000000000000e+00 0.000000000000000000e+00 0.000000000000000000e+00
4.410000000000000000e+04 2.791145839096900225e+08 5.404449286932511313e+04 5.185839543078145653e-01 0.000000000000000000e+00 0.000000000000000000e+00 0.000000000000000000e+00 0.000000000000000000e+00
4.420000000000000000e+04 2.791146839096900225e+08 5.404449402673252189e+04 5.193812041161436355e-01 1.000000000000000000e+00 1.012825000000000010e-02 1.012825000000000010e-02 4.484039609500000019e-14
4.430000000000000000e+04 2.791147839096900225e+08 5.404449518413993064e+04 5.201784539240179583e-01 0.000000000000000000e+00 0.000000000000000000e+00 0.000000000000000000e+00 0.000000000000000000e+00
4.440000000000000000e+04 2.791148839096900225e+08 5.404449634154733940e+04 5.209757037318922812e-01 2.000000000000000000e+00 2.025650000000000020e-02 1.432350851310999935e-02 8.968079219000000037e-14
4.450000000000000000e+04 2.791149839096900225e+08 5.404449749895474815e+04 5.217729535397666041e-01 0.000000000000000000e+00 0.000000000000000000e+00 0.000000000000000000e+00 0.000000000000000000e+00
4.460000000000000000e+04 2.791150839096900225e+08 5.404449865636214963e+04 5.225702033430934534e-01 1.000000000000000000e+00 1.012825000000000010e-02 1.012825000000000010e-02 4.484039609500000019e-14
4.470000000000000000e+04 2.791151839096900225e+08 5.404449981376955839e+04 5.233674531509677763e-01 0.000000000000000000e+00 0.000000000000000000e+00 0.000000000000000000e+00 0.000000000000000000e+00
4.480000000000000000e+04 2.791152839096900225e+08 5.404450097117696714e+04 5.241647029588420992e-01 1.000000000000000000e+00 1.012825000000000010e-02 1.012825000000000010e-02 4.484039609500000019e-14
4.490000000000000000e+04 2.791153839096900225e+08 5.404450212858437590e+04 5.249619527671711694e-01 0.000000000000000000e+00 0.000000000000000000e+00 0.000000000000000000e+00 0.000000000000000000e+00
4.500000000000000000e+04 2.791154839096900225e+08 5.404450328599178465e+04 5.257592025750454923e-01 0.000000000000000000e+00 0.000000000000000000e+00 0.000000000000000000e+00 0.000000000000000000e+00
4.510000000000000000e+04 2.791155839096900225e+08 5.404450444339919341e+04 5.265564523829198151e-01 0.000000000000000000e+00 0.000000000000000000e+00 0.000000000000000000e+00 0.000000000000000000e+00
4.520000000000000000e+04 2.791156839096900225e+08 5.404450560080659488e+04 5.273537021857919171e-01 0.000000000000000000e+00 0.000000000000000000e+00 0.000000000000000000e+00 0.000000000000000000e+00
4.530000000000000000e+04 2.791157839096900225e+08 5.404450675821400364e+04 5.281509519941209874e-01 0.000000000000000000e+00 0.000000000000000000e+00 0.000000000000000000e+00 0.000000000000000000e+00
4.540000000000000000e+04 2.791158839096900225e+08 5.404450791562141239e+04 5.289482018019953102e-01 0.000000000000000000e+00 0.000000000000000000e+00 0.000000000000000000e+00 0.000000000000000000e+00
4.550000000000000000e+04 2.791159839096900225e+08 5.404450907302882115e+04 5.297454516098696331e-01 0.000000000000000000e+00 0.000000000000000000e+00 0.000000000000000000e+00 0.000000000000000000e+00
4.560000000000000000e+04 2.791160839096900225e+08 5.404451023043622990e+04 5.305427014177439560e-01 0.000000000000000000e+00 0.000000000000000000e+00 0.000000000000000000e+00 0.000000000000000000e+00
4.570000000000000000e+04 2.791161839096900225e+08 5.404451138784363138e+04 5.313399512210708053e-01 0.000000000000000000e+00 0.000000000000000000e+00 0.000000000000000000e+00 0.000000000000000000e+00
4.580000000000000000e+04 2.791162839096900225e+08 5.404451254525104014e+04 5.321372010289451282e-01 0.000000000000000000e+00 0.000000000000000000e+00 0.000000000000000000e+00 0.000000000000000000e+00
4.590000000000000000e+04 2.791163839096900225e+08 5.404451370265844889e+04 5.329344508368194511e-01 0.000000000000000000e+00 0.000000000000000000e+00 0.000000000000000000e+00 0.000000000000000000e+00
4.600000000000000000e+04 2.791164839096900225e+08 5.404451486006585765e+04 5.337317006446937739e-01 0.000000000000000000e+00 0.000000000000000000e+00 0.000000000000000000e+00 0.000000000000000000e+00
