# Light curve with FLUX columns added
# Conversion factor: 2.807102e-11 (erg/cm²/s)/(count/s)
# Source file: 11082_100s_hard.txt
#
# TIME	COUNTS	COUNT_RATE	COUNT_RATE_ERR	EXPOSURE	NET_COUNTS	NET_RATE	ERR_RATE	FLUX	FLUX_ERR
3.8226592766e+08	0	0.0000000000e+00	0.0000000000e+00	0.0000000000e+00	nan	0.0000000000e+00	nan	0.0000000000e+00	0.0000000000e+00
3.8226602766e+08	0	0.0000000000e+00	0.0000000000e+00	0.0000000000e+00	nan	0.0000000000e+00	nan	0.0000000000e+00	0.0000000000e+00
3.8226612766e+08	0	0.0000000000e+00	0.0000000000e+00	0.0000000000e+00	nan	0.0000000000e+00	nan	0.0000000000e+00	0.0000000000e+00
3.8226622766e+08	0	0.0000000000e+00	0.0000000000e+00	0.0000000000e+00	nan	0.0000000000e+00	nan	0.0000000000e+00	0.0000000000e+00
3.8226632766e+08	0	0.0000000000e+00	0.0000000000e+00	0.0000000000e+00	nan	0.0000000000e+00	nan	0.0000000000e+00	0.0000000000e+00
3.8226642766e+08	0	0.0000000000e+00	0.0000000000e+00	0.0000000000e+00	nan	0.0000000000e+00	nan	0.0000000000e+00	0.0000000000e+00
3.8226652766e+08	0	0.0000000000e+00	0.0000000000e+00	0.0000000000e+00	nan	0.0000000000e+00	nan	0.0000000000e+00	0.0000000000e+00
3.8226662766e+08	0	0.0000000000e+00	0.0000000000e+00	0.0000000000e+00	nan	0.0000000000e+00	nan	0.0000000000e+00	0.0000000000e+00
3.8226672766e+08	0	0.0000000000e+00	0.0000000000e+00	0.0000000000e+00	nan	0.0000000000e+00	nan	0.0000000000e+00	0.0000000000e+00
3.8226682766e+08	0	0.0000000000e+00	0.0000000000e+00	0.0000000000e+00	nan	0.0000000000e+00	nan	0.0000000000e+00	0.0000000000e+00
3.8226692766e+08	0	0.0000000000e+00	0.0000000000e+00	0.0000000000e+00	nan	0.0000000000e+00	nan	0.0000000000e+00	0.0000000000e+00
3.8226702766e+08	0	0.0000000000e+00	0.0000000000e+00	0.0000000000e+00	nan	0.0000000000e+00	nan	0.0000000000e+00	0.0000000000e+00
3.8226712766e+08	0	0.0000000000e+00	0.0000000000e+00	0.0000000000e+00	nan	0.0000000000e+00	nan	0.0000000000e+00	0.0000000000e+00
3.8226722766e+08	0	0.0000000000e+00	0.0000000000e+00	0.0000000000e+00	nan	0.0000000000e+00	nan	0.0000000000e+00	0.0000000000e+00
3.8226732766e+08	0	0.0000000000e+00	0.0000000000e+00	0.0000000000e+00	nan	0.0000000000e+00	nan	0.0000000000e+00	0.0000000000e+00
3.8226742766e+08	0	0.0000000000e+00	0.0000000000e+00	0.0000000000e+00	nan	0.0000000000e+00	nan	0.0000000000e+00	0.0000000000e+00
3.8226752766e+08	0	0.0000000000e+00	0.0000000000e+00	0.0000000000e+00	nan	0.0000000000e+00	nan	0.0000000000e+00	0.0000000000e+00
3.8226762766e+08	0	0.0000000000e+00	0.0000000000e+00	0.0000000000e+00	nan	0.0000000000e+00	nan	0.0000000000e+00	0.0000000000e+00
3.8226772766e+08	0	0.0000000000e+00	0.0000000000e+00	0.0000000000e+00	nan	0.0000000000e+00	nan	0.0000000000e+00	0.0000000000e+00
3.8226782766e+08	0	0.0000000000e+00	0.0000000000e+00	0.0000000000e+00	nan	0.0000000000e+00	nan	0.0000000000e+00	0.0000000000e+00
3.8226792766e+08	0	0.0000000000e+00	0.0000000000e+00	0.0000000000e+00	nan	0.0000000000e+00	nan	0.0000000000e+00	0.0000000000e+00
3.8226802766e+08	0	0.0000000000e+00	0.0000000000e+00	2.9589774046e+01	0.0000000000e+00	0.0000000000e+00	0.0000000000e+00	0.0000000000e+00	0.0000000000e+00
3.8226812766e+08	10	1.0128250000e-01	3.2028338712e-02	9.8733739787e+01	1.0000000000e+01	1.0128250000e-01	3.2028338712e-02	2.8431030832e-12	8.9906813655e-13
3.8226822766e+08	10	1.0128250000e-01	3.2028338712e-02	9.8733739787e+01	1.0000000000e+01	1.0128250000e-01	3.2028338712e-02	2.8431030832e-12	8.9906813655e-13
3.8226832766e+08	10	1.0128250000e-01	3.2028338712e-02	9.8733739787e+01	1.0000000000e+01	1.0128250000e-01	3.2028338712e-02	2.8431030832e-12	8.9906813655e-13
3.8226842766e+08	6	6.0769500000e-02	2.4809044487e-02	9.8733739787e+01	5.8603988604e+00	5.9355584758e-02	2.4849302700e-02	1.7058618499e-12	6.9641518398e-13
3.8226852766e+08	11	1.1141075000e-01	3.3591605033e-02	9.8733739787e+01	1.1000000000e+01	1.1141075000e-01	3.3591605033e-02	3.1274133915e-12	9.4295061671e-13
3.8226862766e+08	8	8.1026000000e-02	2.8647017026e-02	9.8733739787e+01	8.0000000000e+00	8.1026000000e-02	2.8647017026e-02	2.2744824665e-12	8.0415098788e-13
3.8226872766e+08	5	5.0641250000e-02	2.2647455493e-02	9.8733739787e+01	5.0000000000e+00	5.0641250000e-02	2.2647455493e-02	1.4215515416e-12	6.3573717609e-13
3.8226882766e+08	10	1.0128250000e-01	3.2028338712e-02	9.8733739787e+01	1.0000000000e+01	1.0128250000e-01	3.2028338712e-02	2.8431030832e-12	8.9906813655e-13
3.8226892766e+08	10	1.0128250000e-01	3.2028338712e-02	9.8733739787e+01	1.0000000000e+01	1.0128250000e-01	3.2028338712e-02	2.8431030832e-12	8.9906813655e-13
3.8226902766e+08	4	4.0513000000e-02	2.0256500000e-02	9.8733739787e+01	4.0000000000e+00	4.0513000000e-02	2.0256500000e-02	1.1372412333e-12	5.6862061663e-13
3.8226912766e+08	4	4.0513000000e-02	2.0256500000e-02	9.8733739787e+01	4.0000000000e+00	4.0513000000e-02	2.0256500000e-02	1.1372412333e-12	5.6862061663e-13
3.8226922766e+08	14	1.4179550000e-01	3.7896441428e-02	9.8733739787e+01	1.4000000000e+01	1.4179550000e-01	3.7896441428e-02	3.9803443164e-12	1.0637917653e-12
3.8226932766e+08	7	7.0897750000e-02	2.6796830716e-02	9.8733739787e+01	7.0000000000e+00	7.0897750000e-02	2.6796830716e-02	1.9901721582e-12	7.5221437097e-13
3.8226942766e+08	12	1.2153900000e-01	3.5085287184e-02	9.8733739787e+01	1.2000000000e+01	1.2153900000e-01	3.5085287184e-02	3.4117236998e-12	9.8487979825e-13
3.8226952766e+08	8	8.1026000000e-02	2.8647017026e-02	9.8733739787e+01	8.0000000000e+00	8.1026000000e-02	2.8647017026e-02	2.2744824665e-12	8.0415098788e-13
3.8226962766e+08	2	2.0256500000e-02	1.4323508513e-02	9.8733739787e+01	2.0000000000e+00	2.0256500000e-02	1.4323508513e-02	5.6862061663e-13	4.0207549394e-13
3.8226972766e+08	4	4.0513000000e-02	2.0256500000e-02	9.8733739787e+01	4.0000000000e+00	4.0513000000e-02	2.0256500000e-02	1.1372412333e-12	5.6862061663e-13
3.8226982766e+08	2	2.0256500000e-02	1.4323508513e-02	9.8733739787e+01	2.0000000000e+00	2.0256500000e-02	1.4323508513e-02	5.6862061663e-13	4.0207549394e-13
3.8226992766e+08	8	8.1026000000e-02	2.8647017026e-02	9.8733739787e+01	7.8603988604e+00	7.9612084758e-02	2.8681888725e-02	2.2744824665e-12	8.0415098788e-13
3.8227002766e+08	7	7.0897750000e-02	2.6796830716e-02	9.8733739787e+01	7.0000000000e+00	7.0897750000e-02	2.6796830716e-02	1.9901721582e-12	7.5221437097e-13
3.8227012766e+08	5	5.0641250000e-02	2.2647455493e-02	9.8733739787e+01	5.0000000000e+00	5.0641250000e-02	2.2647455493e-02	1.4215515416e-12	6.3573717609e-13
3.8227022766e+08	3	3.0384750000e-02	1.7542643592e-02	9.8733739787e+01	3.0000000000e+00	3.0384750000e-02	1.7542643592e-02	8.5293092494e-13	4.9243989912e-13
3.8227032766e+08	4	4.0513000000e-02	2.0256500000e-02	9.8733739787e+01	4.0000000000e+00	4.0513000000e-02	2.0256500000e-02	1.1372412333e-12	5.6862061663e-13
3.8227042766e+08	4	4.0513000000e-02	2.0256500000e-02	9.8733739787e+01	4.0000000000e+00	4.0513000000e-02	2.0256500000e-02	1.1372412333e-12	5.6862061663e-13
3.8227052766e+08	3	3.0384750000e-02	1.7542643592e-02	9.8733739787e+01	3.0000000000e+00	3.0384750000e-02	1.7542643592e-02	8.5293092494e-13	4.9243989912e-13
3.8227062766e+08	2	2.0256500000e-02	1.4323508513e-02	9.8733739787e+01	2.0000000000e+00	2.0256500000e-02	1.4323508513e-02	5.6862061663e-13	4.0207549394e-13
3.8227072766e+08	8	8.1026000000e-02	2.8647017026e-02	9.8733739787e+01	8.0000000000e+00	8.1026000000e-02	2.8647017026e-02	2.2744824665e-12	8.0415098788e-13
3.8227082766e+08	3	3.0384750000e-02	1.7542643592e-02	9.8733739787e+01	3.0000000000e+00	3.0384750000e-02	1.7542643592e-02	8.5293092494e-13	4.9243989912e-13
3.8227092766e+08	7	7.0897750000e-02	2.6796830716e-02	9.8733739787e+01	7.0000000000e+00	7.0897750000e-02	2.6796830716e-02	1.9901721582e-12	7.5221437097e-13
3.8227102766e+08	0	0.0000000000e+00	0.0000000000e+00	9.8733739787e+01	0.0000000000e+00	0.0000000000e+00	0.0000000000e+00	0.0000000000e+00	0.0000000000e+00
3.8227112766e+08	8	8.1026000000e-02	2.8647017026e-02	9.8733739787e+01	8.0000000000e+00	8.1026000000e-02	2.8647017026e-02	2.2744824665e-12	8.0415098788e-13
3.8227122766e+08	4	4.0513000000e-02	2.0256500000e-02	9.8733739787e+01	4.0000000000e+00	4.0513000000e-02	2.0256500000e-02	1.1372412333e-12	5.6862061663e-13
3.8227132766e+08	2	2.0256500000e-02	1.4323508513e-02	9.8733739787e+01	2.0000000000e+00	2.0256500000e-02	1.4323508513e-02	5.6862061663e-13	4.0207549394e-13
3.8227142766e+08	5	5.0641250000e-02	2.2647455493e-02	9.8733739787e+01	5.0000000000e+00	5.0641250000e-02	2.2647455493e-02	1.4215515416e-12	6.3573717609e-13
3.8227152766e+08	10	1.0128250000e-01	3.2028338712e-02	9.8733739787e+01	9.8603988604e+00	9.9868584758e-02	3.2059532700e-02	2.8431030832e-12	8.9906813655e-13
3.8227162766e+08	1	1.0128250000e-02	1.0128250000e-02	9.8733739787e+01	1.0000000000e+00	1.0128250000e-02	1.0128250000e-02	2.8431030832e-13	2.8431030832e-13
3.8227172766e+08	2	2.0256500000e-02	1.4323508513e-02	9.8733739787e+01	2.0000000000e+00	2.0256500000e-02	1.4323508513e-02	5.6862061663e-13	4.0207549394e-13
3.8227182766e+08	0	0.0000000000e+00	0.0000000000e+00	9.8733739787e+01	0.0000000000e+00	0.0000000000e+00	0.0000000000e+00	0.0000000000e+00	0.0000000000e+00
3.8227192766e+08	3	3.0384750000e-02	1.7542643592e-02	9.8733739787e+01	3.0000000000e+00	3.0384750000e-02	1.7542643592e-02	8.5293092494e-13	4.9243989912e-13
3.8227202766e+08	6	6.0769500000e-02	2.4809044487e-02	9.8733739787e+01	6.0000000000e+00	6.0769500000e-02	2.4809044487e-02	1.7058618499e-12	6.9641518398e-13
3.8227212766e+08	4	4.0513000000e-02	2.0256500000e-02	9.8733739787e+01	4.0000000000e+00	4.0513000000e-02	2.0256500000e-02	1.1372412333e-12	5.6862061663e-13
3.8227222766e+08	4	4.0513000000e-02	2.0256500000e-02	9.8733739787e+01	4.0000000000e+00	4.0513000000e-02	2.0256500000e-02	1.1372412333e-12	5.6862061663e-13
3.8227232766e+08	3	3.0384750000e-02	1.7542643592e-02	9.8733739787e+01	2.8603988604e+00	2.8970834758e-02	1.7599531258e-02	8.5293092494e-13	4.9243989912e-13
3.8227242766e+08	8	8.1026000000e-02	2.8647017026e-02	9.8733739787e+01	8.0000000000e+00	8.1026000000e-02	2.8647017026e-02	2.2744824665e-12	8.0415098788e-13
3.8227252766e+08	12	1.2153900000e-01	3.5085287184e-02	9.8733739787e+01	1.2000000000e+01	1.2153900000e-01	3.5085287184e-02	3.4117236998e-12	9.8487979825e-13
3.8227262766e+08	5	5.0641250000e-02	2.2647455493e-02	9.8733739787e+01	5.0000000000e+00	5.0641250000e-02	2.2647455493e-02	1.4215515416e-12	6.3573717609e-13
3.8227272766e+08	5	5.0641250000e-02	2.2647455493e-02	9.8733739787e+01	5.0000000000e+00	5.0641250000e-02	2.2647455493e-02	1.4215515416e-12	6.3573717609e-13
3.8227282766e+08	7	7.0897750000e-02	2.6796830716e-02	9.8733739787e+01	7.0000000000e+00	7.0897750000e-02	2.6796830716e-02	1.9901721582e-12	7.5221437097e-13
3.8227292766e+08	4	4.0513000000e-02	2.0256500000e-02	9.8733739787e+01	4.0000000000e+00	4.0513000000e-02	2.0256500000e-02	1.1372412333e-12	5.6862061663e-13
3.8227302766e+08	3	3.0384750000e-02	1.7542643592e-02	9.8733739787e+01	3.0000000000e+00	3.0384750000e-02	1.7542643592e-02	8.5293092494e-13	4.9243989912e-13
3.8227312766e+08	5	5.0641250000e-02	2.2647455493e-02	9.8733739787e+01	5.0000000000e+00	5.0641250000e-02	2.2647455493e-02	1.4215515416e-12	6.3573717609e-13
3.8227322766e+08	4	4.0513000000e-02	2.0256500000e-02	9.8733739787e+01	4.0000000000e+00	4.0513000000e-02	2.0256500000e-02	1.1372412333e-12	5.6862061663e-13
3.8227332766e+08	6	6.0769500000e-02	2.4809044487e-02	9.8733739787e+01	6.0000000000e+00	6.0769500000e-02	2.4809044487e-02	1.7058618499e-12	6.9641518398e-13
3.8227342766e+08	9	9.1154250000e-02	3.0384750000e-02	9.8733739787e+01	9.0000000000e+00	9.1154250000e-02	3.0384750000e-02	2.5587927748e-12	8.5293092494e-13
3.8227352766e+08	6	6.0769500000e-02	2.4809044487e-02	9.8733739787e+01	5.8603988604e+00	5.9355584758e-02	2.4849302700e-02	1.7058618499e-12	6.9641518398e-13
3.8227362766e+08	4	4.0513000000e-02	2.0256500000e-02	9.8733739787e+01	4.0000000000e+00	4.0513000000e-02	2.0256500000e-02	1.1372412333e-12	5.6862061663e-13
3.8227372766e+08	7	7.0897750000e-02	2.6796830716e-02	9.8733739787e+01	7.0000000000e+00	7.0897750000e-02	2.6796830716e-02	1.9901721582e-12	7.5221437097e-13
3.8227382766e+08	5	5.0641250000e-02	2.2647455493e-02	9.8733739787e+01	4.8603988604e+00	4.9227334758e-02	2.2691549013e-02	1.4215515416e-12	6.3573717609e-13
3.8227392766e+08	5	5.0641250000e-02	2.2647455493e-02	9.8733739787e+01	5.0000000000e+00	5.0641250000e-02	2.2647455493e-02	1.4215515416e-12	6.3573717609e-13
3.8227402766e+08	5	5.0641250000e-02	2.2647455493e-02	9.8733739787e+01	5.0000000000e+00	5.0641250000e-02	2.2647455493e-02	1.4215515416e-12	6.3573717609e-13
3.8227412766e+08	4	4.0513000000e-02	2.0256500000e-02	9.8733739787e+01	4.0000000000e+00	4.0513000000e-02	2.0256500000e-02	1.1372412333e-12	5.6862061663e-13
3.8227422766e+08	7	7.0897750000e-02	2.6796830716e-02	9.8733739787e+01	7.0000000000e+00	7.0897750000e-02	2.6796830716e-02	1.9901721582e-12	7.5221437097e-13
3.8227432766e+08	6	6.0769500000e-02	2.4809044487e-02	9.8733739787e+01	6.0000000000e+00	6.0769500000e-02	2.4809044487e-02	1.7058618499e-12	6.9641518398e-13
3.8227442766e+08	5	5.0641250000e-02	2.2647455493e-02	9.8733739787e+01	5.0000000000e+00	5.0641250000e-02	2.2647455493e-02	1.4215515416e-12	6.3573717609e-13
3.8227452766e+08	6	6.0769500000e-02	2.4809044487e-02	9.8733739787e+01	6.0000000000e+00	6.0769500000e-02	2.4809044487e-02	1.7058618499e-12	6.9641518398e-13
3.8227462766e+08	4	4.0513000000e-02	2.0256500000e-02	9.8733739787e+01	4.0000000000e+00	4.0513000000e-02	2.0256500000e-02	1.1372412333e-12	5.6862061663e-13
3.8227472766e+08	3	3.0384750000e-02	1.7542643592e-02	9.8733739787e+01	3.0000000000e+00	3.0384750000e-02	1.7542643592e-02	8.5293092494e-13	4.9243989912e-13
3.8227482766e+08	5	5.0641250000e-02	2.2647455493e-02	9.8733739787e+01	5.0000000000e+00	5.0641250000e-02	2.2647455493e-02	1.4215515416e-12	6.3573717609e-13
3.8227492766e+08	3	3.0384750000e-02	1.7542643592e-02	9.8733739787e+01	3.0000000000e+00	3.0384750000e-02	1.7542643592e-02	8.5293092494e-13	4.9243989912e-13
3.8227502766e+08	6	6.0769500000e-02	2.4809044487e-02	9.8733739787e+01	6.0000000000e+00	6.0769500000e-02	2.4809044487e-02	1.7058618499e-12	6.9641518398e-13
3.8227512766e+08	10	1.0128250000e-01	3.2028338712e-02	9.8733739787e+01	1.0000000000e+01	1.0128250000e-01	3.2028338712e-02	2.8431030832e-12	8.9906813655e-13
3.8227522766e+08	3	3.0384750000e-02	1.7542643592e-02	9.8733739787e+01	3.0000000000e+00	3.0384750000e-02	1.7542643592e-02	8.5293092494e-13	4.9243989912e-13
3.8227532766e+08	4	4.0513000000e-02	2.0256500000e-02	9.8733739787e+01	4.0000000000e+00	4.0513000000e-02	2.0256500000e-02	1.1372412333e-12	5.6862061663e-13
3.8227542766e+08	5	5.0641250000e-02	2.2647455493e-02	9.8733739787e+01	5.0000000000e+00	5.0641250000e-02	2.2647455493e-02	1.4215515416e-12	6.3573717609e-13
3.8227552766e+08	6	6.0769500000e-02	2.4809044487e-02	9.8733739787e+01	6.0000000000e+00	6.0769500000e-02	2.4809044487e-02	1.7058618499e-12	6.9641518398e-13
3.8227562766e+08	9	9.1154250000e-02	3.0384750000e-02	9.8733739787e+01	9.0000000000e+00	9.1154250000e-02	3.0384750000e-02	2.5587927748e-12	8.5293092494e-13
3.8227572766e+08	1	1.0128250000e-02	1.0128250000e-02	9.8733739787e+01	8.6039886040e-01	8.7143347578e-03	1.0226465879e-02	2.8431030832e-13	2.8431030832e-13
3.8227582766e+08	3	3.0384750000e-02	1.7542643592e-02	9.8733739787e+01	3.0000000000e+00	3.0384750000e-02	1.7542643592e-02	8.5293092494e-13	4.9243989912e-13
3.8227592766e+08	7	7.0897750000e-02	2.6796830716e-02	9.8733739787e+01	7.0000000000e+00	7.0897750000e-02	2.6796830716e-02	1.9901721582e-12	7.5221437097e-13
3.8227602766e+08	6	6.0769500000e-02	2.4809044487e-02	9.8733739787e+01	6.0000000000e+00	6.0769500000e-02	2.4809044487e-02	1.7058618499e-12	6.9641518398e-13
3.8227612766e+08	4	4.0513000000e-02	2.0256500000e-02	9.8733739787e+01	4.0000000000e+00	4.0513000000e-02	2.0256500000e-02	1.1372412333e-12	5.6862061663e-13
3.8227622766e+08	6	6.0769500000e-02	2.4809044487e-02	9.8733739787e+01	6.0000000000e+00	6.0769500000e-02	2.4809044487e-02	1.7058618499e-12	6.9641518398e-13
3.8227632766e+08	5	5.0641250000e-02	2.2647455493e-02	9.8733739787e+01	4.8603988604e+00	4.9227334758e-02	2.2691549013e-02	1.4215515416e-12	6.3573717609e-13
3.8227642766e+08	6	6.0769500000e-02	2.4809044487e-02	9.8733739787e+01	6.0000000000e+00	6.0769500000e-02	2.4809044487e-02	1.7058618499e-12	6.9641518398e-13
3.8227652766e+08	11	1.1141075000e-01	3.3591605033e-02	9.8733739787e+01	1.1000000000e+01	1.1141075000e-01	3.3591605033e-02	3.1274133915e-12	9.4295061671e-13
3.8227662766e+08	7	7.0897750000e-02	2.6796830716e-02	9.8733739787e+01	7.0000000000e+00	7.0897750000e-02	2.6796830716e-02	1.9901721582e-12	7.5221437097e-13
3.8227672766e+08	7	7.0897750000e-02	2.6796830716e-02	9.8733739787e+01	7.0000000000e+00	7.0897750000e-02	2.6796830716e-02	1.9901721582e-12	7.5221437097e-13
3.8227682766e+08	8	8.1026000000e-02	2.8647017026e-02	9.8733739787e+01	8.0000000000e+00	8.1026000000e-02	2.8647017026e-02	2.2744824665e-12	8.0415098788e-13
3.8227692766e+08	5	5.0641250000e-02	2.2647455493e-02	9.8733739787e+01	5.0000000000e+00	5.0641250000e-02	2.2647455493e-02	1.4215515416e-12	6.3573717609e-13
3.8227702766e+08	8	8.1026000000e-02	2.8647017026e-02	9.8733739787e+01	8.0000000000e+00	8.1026000000e-02	2.8647017026e-02	2.2744824665e-12	8.0415098788e-13
3.8227712766e+08	3	3.0384750000e-02	1.7542643592e-02	9.8733739787e+01	3.0000000000e+00	3.0384750000e-02	1.7542643592e-02	8.5293092494e-13	4.9243989912e-13
3.8227722766e+08	12	1.2153900000e-01	3.5085287184e-02	9.8733739787e+01	1.2000000000e+01	1.2153900000e-01	3.5085287184e-02	3.4117236998e-12	9.8487979825e-13
3.8227732766e+08	8	8.1026000000e-02	2.8647017026e-02	9.8733739787e+01	7.8603988604e+00	7.9612084758e-02	2.8681888725e-02	2.2744824665e-12	8.0415098788e-13
3.8227742766e+08	9	9.1154250000e-02	3.0384750000e-02	9.8733739787e+01	9.0000000000e+00	9.1154250000e-02	3.0384750000e-02	2.5587927748e-12	8.5293092494e-13
3.8227752766e+08	7	7.0897750000e-02	2.6796830716e-02	9.8733739787e+01	7.0000000000e+00	7.0897750000e-02	2.6796830716e-02	1.9901721582e-12	7.5221437097e-13
3.8227762766e+08	7	7.0897750000e-02	2.6796830716e-02	9.8733739787e+01	7.0000000000e+00	7.0897750000e-02	2.6796830716e-02	1.9901721582e-12	7.5221437097e-13
3.8227772766e+08	9	9.1154250000e-02	3.0384750000e-02	9.8733739787e+01	9.0000000000e+00	9.1154250000e-02	3.0384750000e-02	2.5587927748e-12	8.5293092494e-13
3.8227782766e+08	6	6.0769500000e-02	2.4809044487e-02	9.8733739787e+01	5.8603988604e+00	5.9355584758e-02	2.4849302700e-02	1.7058618499e-12	6.9641518398e-13
3.8227792766e+08	6	6.0769500000e-02	2.4809044487e-02	9.8733739787e+01	6.0000000000e+00	6.0769500000e-02	2.4809044487e-02	1.7058618499e-12	6.9641518398e-13
3.8227802766e+08	9	9.1154250000e-02	3.0384750000e-02	9.8733739787e+01	9.0000000000e+00	9.1154250000e-02	3.0384750000e-02	2.5587927748e-12	8.5293092494e-13
3.8227812766e+08	11	1.1141075000e-01	3.3591605033e-02	9.8733739787e+01	1.1000000000e+01	1.1141075000e-01	3.3591605033e-02	3.1274133915e-12	9.4295061671e-13
3.8227822766e+08	5	5.0641250000e-02	2.2647455493e-02	9.8733739787e+01	5.0000000000e+00	5.0641250000e-02	2.2647455493e-02	1.4215515416e-12	6.3573717609e-13
3.8227832766e+08	9	9.1154250000e-02	3.0384750000e-02	9.8733739787e+01	9.0000000000e+00	9.1154250000e-02	3.0384750000e-02	2.5587927748e-12	8.5293092494e-13
3.8227842766e+08	7	7.0897750000e-02	2.6796830716e-02	9.8733739787e+01	7.0000000000e+00	7.0897750000e-02	2.6796830716e-02	1.9901721582e-12	7.5221437097e-13
3.8227852766e+08	7	7.0897750000e-02	2.6796830716e-02	9.8733739787e+01	7.0000000000e+00	7.0897750000e-02	2.6796830716e-02	1.9901721582e-12	7.5221437097e-13
3.8227862766e+08	5	5.0641250000e-02	2.2647455493e-02	9.8733739787e+01	5.0000000000e+00	5.0641250000e-02	2.2647455493e-02	1.4215515416e-12	6.3573717609e-13
3.8227872766e+08	7	7.0897750000e-02	2.6796830716e-02	9.8733739787e+01	7.0000000000e+00	7.0897750000e-02	2.6796830716e-02	1.9901721582e-12	7.5221437097e-13
3.8227882766e+08	4	4.0513000000e-02	2.0256500000e-02	9.8733739787e+01	4.0000000000e+00	4.0513000000e-02	2.0256500000e-02	1.1372412333e-12	5.6862061663e-13
3.8227892766e+08	8	8.1026000000e-02	2.8647017026e-02	9.8733739787e+01	8.0000000000e+00	8.1026000000e-02	2.8647017026e-02	2.2744824665e-12	8.0415098788e-13
3.8227902766e+08	9	9.1154250000e-02	3.0384750000e-02	9.8733739787e+01	9.0000000000e+00	9.1154250000e-02	3.0384750000e-02	2.5587927748e-12	8.5293092494e-13
3.8227912766e+08	4	4.0513000000e-02	2.0256500000e-02	9.8733739787e+01	4.0000000000e+00	4.0513000000e-02	2.0256500000e-02	1.1372412333e-12	5.6862061663e-13
3.8227922766e+08	6	6.0769500000e-02	2.4809044487e-02	9.8733739787e+01	6.0000000000e+00	6.0769500000e-02	2.4809044487e-02	1.7058618499e-12	6.9641518398e-13
3.8227932766e+08	3	3.0384750000e-02	1.7542643592e-02	9.8733739787e+01	3.0000000000e+00	3.0384750000e-02	1.7542643592e-02	8.5293092494e-13	4.9243989912e-13
3.8227942766e+08	11	1.1141075000e-01	3.3591605033e-02	9.8733739787e+01	1.1000000000e+01	1.1141075000e-01	3.3591605033e-02	3.1274133915e-12	9.4295061671e-13
3.8227952766e+08	4	4.0513000000e-02	2.0256500000e-02	9.8733739787e+01	4.0000000000e+00	4.0513000000e-02	2.0256500000e-02	1.1372412333e-12	5.6862061663e-13
3.8227962766e+08	10	1.0128250000e-01	3.2028338712e-02	9.8733739787e+01	1.0000000000e+01	1.0128250000e-01	3.2028338712e-02	2.8431030832e-12	8.9906813655e-13
3.8227972766e+08	5	5.0641250000e-02	2.2647455493e-02	9.8733739787e+01	4.8603988604e+00	4.9227334758e-02	2.2691549013e-02	1.4215515416e-12	6.3573717609e-13
3.8227982766e+08	9	9.1154250000e-02	3.0384750000e-02	9.8733739787e+01	9.0000000000e+00	9.1154250000e-02	3.0384750000e-02	2.5587927748e-12	8.5293092494e-13
3.8227992766e+08	5	5.0641250000e-02	2.2647455493e-02	9.8733739787e+01	5.0000000000e+00	5.0641250000e-02	2.2647455493e-02	1.4215515416e-12	6.3573717609e-13
3.8228002766e+08	7	7.0897750000e-02	2.6796830716e-02	9.8733739787e+01	6.8603988604e+00	6.9483834758e-02	2.6834106893e-02	1.9901721582e-12	7.5221437097e-13
3.8228012766e+08	9	9.1154250000e-02	3.0384750000e-02	9.8733739787e+01	9.0000000000e+00	9.1154250000e-02	3.0384750000e-02	2.5587927748e-12	8.5293092494e-13
3.8228022766e+08	9	9.1154250000e-02	3.0384750000e-02	9.8733739787e+01	9.0000000000e+00	9.1154250000e-02	3.0384750000e-02	2.5587927748e-12	8.5293092494e-13
3.8228032766e+08	4	4.0513000000e-02	2.0256500000e-02	9.8733739787e+01	4.0000000000e+00	4.0513000000e-02	2.0256500000e-02	1.1372412333e-12	5.6862061663e-13
3.8228042766e+08	9	9.1154250000e-02	3.0384750000e-02	9.8733739787e+01	9.0000000000e+00	9.1154250000e-02	3.0384750000e-02	2.5587927748e-12	8.5293092494e-13
3.8228052766e+08	3	3.0384750000e-02	1.7542643592e-02	9.8733739787e+01	3.0000000000e+00	3.0384750000e-02	1.7542643592e-02	8.5293092494e-13	4.9243989912e-13
3.8228062766e+08	5	5.0641250000e-02	2.2647455493e-02	9.8733739787e+01	5.0000000000e+00	5.0641250000e-02	2.2647455493e-02	1.4215515416e-12	6.3573717609e-13
3.8228072766e+08	3	3.0384750000e-02	1.7542643592e-02	9.8733739787e+01	3.0000000000e+00	3.0384750000e-02	1.7542643592e-02	8.5293092494e-13	4.9243989912e-13
3.8228082766e+08	4	4.0513000000e-02	2.0256500000e-02	9.8733739787e+01	4.0000000000e+00	4.0513000000e-02	2.0256500000e-02	1.1372412333e-12	5.6862061663e-13
3.8228092766e+08	7	7.0897750000e-02	2.6796830716e-02	9.8733739787e+01	7.0000000000e+00	7.0897750000e-02	2.6796830716e-02	1.9901721582e-12	7.5221437097e-13
3.8228102766e+08	4	4.0513000000e-02	2.0256500000e-02	9.8733739787e+01	3.8603988604e+00	3.9099084758e-02	2.0305786086e-02	1.1372412333e-12	5.6862061663e-13
3.8228112766e+08	9	9.1154250000e-02	3.0384750000e-02	9.8733739787e+01	9.0000000000e+00	9.1154250000e-02	3.0384750000e-02	2.5587927748e-12	8.5293092494e-13
3.8228122766e+08	3	3.0384750000e-02	1.7542643592e-02	9.8733739787e+01	3.0000000000e+00	3.0384750000e-02	1.7542643592e-02	8.5293092494e-13	4.9243989912e-13
3.8228132766e+08	6	6.0769500000e-02	2.4809044487e-02	9.8733739787e+01	6.0000000000e+00	6.0769500000e-02	2.4809044487e-02	1.7058618499e-12	6.9641518398e-13
3.8228142766e+08	7	7.0897750000e-02	2.6796830716e-02	9.8733739787e+01	7.0000000000e+00	7.0897750000e-02	2.6796830716e-02	1.9901721582e-12	7.5221437097e-13
3.8228152766e+08	6	6.0769500000e-02	2.4809044487e-02	9.8733739787e+01	6.0000000000e+00	6.0769500000e-02	2.4809044487e-02	1.7058618499e-12	6.9641518398e-13
3.8228162766e+08	4	4.0513000000e-02	2.0256500000e-02	9.8733739787e+01	4.0000000000e+00	4.0513000000e-02	2.0256500000e-02	1.1372412333e-12	5.6862061663e-13
3.8228172766e+08	5	5.0641250000e-02	2.2647455493e-02	9.8733739787e+01	4.8603988604e+00	4.9227334758e-02	2.2691549013e-02	1.4215515416e-12	6.3573717609e-13
3.8228182766e+08	4	4.0513000000e-02	2.0256500000e-02	9.8733739787e+01	4.0000000000e+00	4.0513000000e-02	2.0256500000e-02	1.1372412333e-12	5.6862061663e-13
3.8228192766e+08	6	6.0769500000e-02	2.4809044487e-02	9.8733739787e+01	6.0000000000e+00	6.0769500000e-02	2.4809044487e-02	1.7058618499e-12	6.9641518398e-13
3.8228202766e+08	5	5.0641250000e-02	2.2647455493e-02	9.8733739787e+01	5.0000000000e+00	5.0641250000e-02	2.2647455493e-02	1.4215515416e-12	6.3573717609e-13
3.8228212766e+08	4	4.0513000000e-02	2.0256500000e-02	9.8733739787e+01	4.0000000000e+00	4.0513000000e-02	2.0256500000e-02	1.1372412333e-12	5.6862061663e-13
3.8228222766e+08	2	2.0256500000e-02	1.4323508513e-02	9.8733739787e+01	2.0000000000e+00	2.0256500000e-02	1.4323508513e-02	5.6862061663e-13	4.0207549394e-13
3.8228232766e+08	6	6.0769500000e-02	2.4809044487e-02	9.8733739787e+01	5.8603988604e+00	5.9355584758e-02	2.4849302700e-02	1.7058618499e-12	6.9641518398e-13
3.8228242766e+08	9	9.1154250000e-02	3.0384750000e-02	9.8733739787e+01	9.0000000000e+00	9.1154250000e-02	3.0384750000e-02	2.5587927748e-12	8.5293092494e-13
3.8228252766e+08	6	6.0769500000e-02	2.4809044487e-02	9.8733739787e+01	6.0000000000e+00	6.0769500000e-02	2.4809044487e-02	1.7058618499e-12	6.9641518398e-13
3.8228262766e+08	8	8.1026000000e-02	2.8647017026e-02	9.8733739787e+01	7.8603988604e+00	7.9612084758e-02	2.8681888725e-02	2.2744824665e-12	8.0415098788e-13
3.8228272766e+08	5	5.0641250000e-02	2.2647455493e-02	9.8733739787e+01	5.0000000000e+00	5.0641250000e-02	2.2647455493e-02	1.4215515416e-12	6.3573717609e-13
3.8228282766e+08	8	8.1026000000e-02	2.8647017026e-02	9.8733739787e+01	7.8603988604e+00	7.9612084758e-02	2.8681888725e-02	2.2744824665e-12	8.0415098788e-13
3.8228292766e+08	6	6.0769500000e-02	2.4809044487e-02	9.8733739787e+01	6.0000000000e+00	6.0769500000e-02	2.4809044487e-02	1.7058618499e-12	6.9641518398e-13
3.8228302766e+08	2	2.0256500000e-02	1.4323508513e-02	9.8733739787e+01	2.0000000000e+00	2.0256500000e-02	1.4323508513e-02	5.6862061663e-13	4.0207549394e-13
3.8228312766e+08	0	0.0000000000e+00	0.0000000000e+00	1.7811295263e+01	0.0000000000e+00	0.0000000000e+00	0.0000000000e+00	0.0000000000e+00	0.0000000000e+00
3.8228322766e+08	0	0.0000000000e+00	0.0000000000e+00	0.0000000000e+00	nan	0.0000000000e+00	nan	0.0000000000e+00	0.0000000000e+00
3.8228332766e+08	0	0.0000000000e+00	0.0000000000e+00	0.0000000000e+00	nan	0.0000000000e+00	nan	0.0000000000e+00	0.0000000000e+00
3.8228342766e+08	0	0.0000000000e+00	0.0000000000e+00	0.0000000000e+00	nan	0.0000000000e+00	nan	0.0000000000e+00	0.0000000000e+00
3.8228352766e+08	0	0.0000000000e+00	0.0000000000e+00	0.0000000000e+00	nan	0.0000000000e+00	nan	0.0000000000e+00	0.0000000000e+00
3.8228362766e+08	0	0.0000000000e+00	0.0000000000e+00	0.0000000000e+00	nan	0.0000000000e+00	nan	0.0000000000e+00	0.0000000000e+00
3.8228372766e+08	0	0.0000000000e+00	0.0000000000e+00	0.0000000000e+00	nan	0.0000000000e+00	nan	0.0000000000e+00	0.0000000000e+00
