# Light curve with FLUX columns added
# Conversion factor: 2.807102e-11 (erg/cm²/s)/(count/s)
# Source file: 11083_100s_hard.txt
#
# TIME	COUNTS	COUNT_RATE	COUNT_RATE_ERR	EXPOSURE	NET_COUNTS	NET_RATE	ERR_RATE	FLUX	FLUX_ERR
3.8677577772e+08	0	0.0000000000e+00	0.0000000000e+00	0.0000000000e+00	nan	0.0000000000e+00	nan	0.0000000000e+00	0.0000000000e+00
3.8677587772e+08	0	0.0000000000e+00	0.0000000000e+00	0.0000000000e+00	nan	0.0000000000e+00	nan	0.0000000000e+00	0.0000000000e+00
3.8677597772e+08	0	0.0000000000e+00	0.0000000000e+00	0.0000000000e+00	nan	0.0000000000e+00	nan	0.0000000000e+00	0.0000000000e+00
3.8677607772e+08	0	0.0000000000e+00	0.0000000000e+00	0.0000000000e+00	nan	0.0000000000e+00	nan	0.0000000000e+00	0.0000000000e+00
3.8677617772e+08	0	0.0000000000e+00	0.0000000000e+00	0.0000000000e+00	nan	0.0000000000e+00	nan	0.0000000000e+00	0.0000000000e+00
3.8677627772e+08	0	0.0000000000e+00	0.0000000000e+00	0.0000000000e+00	nan	0.0000000000e+00	nan	0.0000000000e+00	0.0000000000e+00
3.8677637772e+08	0	0.0000000000e+00	0.0000000000e+00	0.0000000000e+00	nan	0.0000000000e+00	nan	0.0000000000e+00	0.0000000000e+00
3.8677647772e+08	0	0.0000000000e+00	0.0000000000e+00	0.0000000000e+00	nan	0.0000000000e+00	nan	0.0000000000e+00	0.0000000000e+00
3.8677657772e+08	0	0.0000000000e+00	0.0000000000e+00	0.0000000000e+00	nan	0.0000000000e+00	nan	0.0000000000e+00	0.0000000000e+00
3.8677667772e+08	0	0.0000000000e+00	0.0000000000e+00	0.0000000000e+00	nan	0.0000000000e+00	nan	0.0000000000e+00	0.0000000000e+00
3.8677677772e+08	0	0.0000000000e+00	0.0000000000e+00	0.0000000000e+00	nan	0.0000000000e+00	nan	0.0000000000e+00	0.0000000000e+00
3.8677687772e+08	0	0.0000000000e+00	0.0000000000e+00	0.0000000000e+00	nan	0.0000000000e+00	nan	0.0000000000e+00	0.0000000000e+00
3.8677697772e+08	0	0.0000000000e+00	0.0000000000e+00	0.0000000000e+00	nan	0.0000000000e+00	nan	0.0000000000e+00	0.0000000000e+00
3.8677707772e+08	6	6.3157899531e-02	2.5784104513e-02	9.4999992788e+01	6.0000000000e+00	6.3157899531e-02	2.5784104513e-02	1.7729066609e-12	7.2378611347e-13
3.8677717772e+08	5	5.0641250000e-02	2.2647455493e-02	9.8733739787e+01	5.0000000000e+00	5.0641250000e-02	2.2647455493e-02	1.4215515416e-12	6.3573717609e-13
3.8677727772e+08	5	5.0641250000e-02	2.2647455493e-02	9.8733739787e+01	5.0000000000e+00	5.0641250000e-02	2.2647455493e-02	1.4215515416e-12	6.3573717609e-13
3.8677737772e+08	3	3.0384750000e-02	1.7542643592e-02	9.8733739787e+01	3.0000000000e+00	3.0384750000e-02	1.7542643592e-02	8.5293092494e-13	4.9243989912e-13
3.8677747772e+08	5	5.0641250000e-02	2.2647455493e-02	9.8733739787e+01	5.0000000000e+00	5.0641250000e-02	2.2647455493e-02	1.4215515416e-12	6.3573717609e-13
3.8677757772e+08	6	6.0769500000e-02	2.4809044487e-02	9.8733739787e+01	6.0000000000e+00	6.0769500000e-02	2.4809044487e-02	1.7058618499e-12	6.9641518398e-13
3.8677767772e+08	4	4.0513000000e-02	2.0256500000e-02	9.8733739787e+01	4.0000000000e+00	4.0513000000e-02	2.0256500000e-02	1.1372412333e-12	5.6862061663e-13
3.8677777772e+08	4	4.0513000000e-02	2.0256500000e-02	9.8733739787e+01	4.0000000000e+00	4.0513000000e-02	2.0256500000e-02	1.1372412333e-12	5.6862061663e-13
3.8677787772e+08	5	5.0641250000e-02	2.2647455493e-02	9.8733739787e+01	4.8603988604e+00	4.9227334758e-02	2.2691549013e-02	1.4215515416e-12	6.3573717609e-13
3.8677797772e+08	6	6.0769500000e-02	2.4809044487e-02	9.8733739787e+01	6.0000000000e+00	6.0769500000e-02	2.4809044487e-02	1.7058618499e-12	6.9641518398e-13
3.8677807772e+08	6	6.0769500000e-02	2.4809044487e-02	9.8733739787e+01	6.0000000000e+00	6.0769500000e-02	2.4809044487e-02	1.7058618499e-12	6.9641518398e-13
3.8677817772e+08	7	7.0897750000e-02	2.6796830716e-02	9.8733739787e+01	7.0000000000e+00	7.0897750000e-02	2.6796830716e-02	1.9901721582e-12	7.5221437097e-13
3.8677827772e+08	11	1.1141075000e-01	3.3591605033e-02	9.8733739787e+01	1.1000000000e+01	1.1141075000e-01	3.3591605033e-02	3.1274133915e-12	9.4295061671e-13
3.8677837772e+08	13	1.3166725000e-01	3.6517924706e-02	9.8733739787e+01	1.3000000000e+01	1.3166725000e-01	3.6517924706e-02	3.6960340081e-12	1.0250953948e-12
3.8677847772e+08	8	8.1026000000e-02	2.8647017026e-02	9.8733739787e+01	8.0000000000e+00	8.1026000000e-02	2.8647017026e-02	2.2744824665e-12	8.0415098788e-13
3.8677857772e+08	3	3.0384750000e-02	1.7542643592e-02	9.8733739787e+01	3.0000000000e+00	3.0384750000e-02	1.7542643592e-02	8.5293092494e-13	4.9243989912e-13
3.8677867772e+08	2	2.0256500000e-02	1.4323508513e-02	9.8733739787e+01	2.0000000000e+00	2.0256500000e-02	1.4323508513e-02	5.6862061663e-13	4.0207549394e-13
3.8677877772e+08	5	5.0641250000e-02	2.2647455493e-02	9.8733739787e+01	5.0000000000e+00	5.0641250000e-02	2.2647455493e-02	1.4215515416e-12	6.3573717609e-13
3.8677887772e+08	5	5.0641250000e-02	2.2647455493e-02	9.8733739787e+01	5.0000000000e+00	5.0641250000e-02	2.2647455493e-02	1.4215515416e-12	6.3573717609e-13
3.8677897772e+08	4	4.0513000000e-02	2.0256500000e-02	9.8733739787e+01	4.0000000000e+00	4.0513000000e-02	2.0256500000e-02	1.1372412333e-12	5.6862061663e-13
3.8677907772e+08	5	5.0641250000e-02	2.2647455493e-02	9.8733739787e+01	5.0000000000e+00	5.0641250000e-02	2.2647455493e-02	1.4215515416e-12	6.3573717609e-13
3.8677917772e+08	2	2.0256500000e-02	1.4323508513e-02	9.8733739787e+01	2.0000000000e+00	2.0256500000e-02	1.4323508513e-02	5.6862061663e-13	4.0207549394e-13
3.8677927772e+08	7	7.0897750000e-02	2.6796830716e-02	9.8733739787e+01	7.0000000000e+00	7.0897750000e-02	2.6796830716e-02	1.9901721582e-12	7.5221437097e-13
3.8677937772e+08	12	1.2153900000e-01	3.5085287184e-02	9.8733739787e+01	1.2000000000e+01	1.2153900000e-01	3.5085287184e-02	3.4117236998e-12	9.8487979825e-13
3.8677947772e+08	5	5.0641250000e-02	2.2647455493e-02	9.8733739787e+01	5.0000000000e+00	5.0641250000e-02	2.2647455493e-02	1.4215515416e-12	6.3573717609e-13
3.8677957772e+08	9	9.1154250000e-02	3.0384750000e-02	9.8733739787e+01	9.0000000000e+00	9.1154250000e-02	3.0384750000e-02	2.5587927748e-12	8.5293092494e-13
3.8677967772e+08	3	3.0384750000e-02	1.7542643592e-02	9.8733739787e+01	3.0000000000e+00	3.0384750000e-02	1.7542643592e-02	8.5293092494e-13	4.9243989912e-13
3.8677977772e+08	3	3.0384750000e-02	1.7542643592e-02	9.8733739787e+01	2.7207977208e+00	2.7556919516e-02	1.7656235635e-02	8.5293092494e-13	4.9243989912e-13
3.8677987772e+08	4	4.0513000000e-02	2.0256500000e-02	9.8733739787e+01	4.0000000000e+00	4.0513000000e-02	2.0256500000e-02	1.1372412333e-12	5.6862061663e-13
3.8677997772e+08	2	2.0256500000e-02	1.4323508513e-02	9.8733739787e+01	2.0000000000e+00	2.0256500000e-02	1.4323508513e-02	5.6862061663e-13	4.0207549394e-13
3.8678007772e+08	6	6.0769500000e-02	2.4809044487e-02	9.8733739787e+01	6.0000000000e+00	6.0769500000e-02	2.4809044487e-02	1.7058618499e-12	6.9641518398e-13
3.8678017772e+08	2	2.0256500000e-02	1.4323508513e-02	9.8733739787e+01	1.8603988604e+00	1.8842584758e-02	1.4393125180e-02	5.6862061663e-13	4.0207549394e-13
3.8678027772e+08	3	3.0384750000e-02	1.7542643592e-02	9.8733739787e+01	2.8603988604e+00	2.8970834758e-02	1.7599531258e-02	8.5293092494e-13	4.9243989912e-13
3.8678037772e+08	2	2.0256500000e-02	1.4323508513e-02	9.8733739787e+01	2.0000000000e+00	2.0256500000e-02	1.4323508513e-02	5.6862061663e-13	4.0207549394e-13
3.8678047772e+08	7	7.0897750000e-02	2.6796830716e-02	9.8733739787e+01	6.8603988604e+00	6.9483834758e-02	2.6834106893e-02	1.9901721582e-12	7.5221437097e-13
3.8678057772e+08	6	6.0769500000e-02	2.4809044487e-02	9.8733739787e+01	6.0000000000e+00	6.0769500000e-02	2.4809044487e-02	1.7058618499e-12	6.9641518398e-13
3.8678067772e+08	5	5.0641250000e-02	2.2647455493e-02	9.8733739787e+01	5.0000000000e+00	5.0641250000e-02	2.2647455493e-02	1.4215515416e-12	6.3573717609e-13
3.8678077772e+08	4	4.0513000000e-02	2.0256500000e-02	9.8733739787e+01	4.0000000000e+00	4.0513000000e-02	2.0256500000e-02	1.1372412333e-12	5.6862061663e-13
3.8678087772e+08	3	3.0384750000e-02	1.7542643592e-02	9.8733739787e+01	3.0000000000e+00	3.0384750000e-02	1.7542643592e-02	8.5293092494e-13	4.9243989912e-13
3.8678097772e+08	11	1.1141075000e-01	3.3591605033e-02	9.8733739787e+01	1.1000000000e+01	1.1141075000e-01	3.3591605033e-02	3.1274133915e-12	9.4295061671e-13
3.8678107772e+08	8	8.1026000000e-02	2.8647017026e-02	9.8733739787e+01	8.0000000000e+00	8.1026000000e-02	2.8647017026e-02	2.2744824665e-12	8.0415098788e-13
3.8678117772e+08	10	1.0128250000e-01	3.2028338712e-02	9.8733739787e+01	9.8603988604e+00	9.9868584758e-02	3.2059532700e-02	2.8431030832e-12	8.9906813655e-13
3.8678127772e+08	10	1.0128250000e-01	3.2028338712e-02	9.8733739787e+01	1.0000000000e+01	1.0128250000e-01	3.2028338712e-02	2.8431030832e-12	8.9906813655e-13
3.8678137772e+08	9	9.1154250000e-02	3.0384750000e-02	9.8733739787e+01	9.0000000000e+00	9.1154250000e-02	3.0384750000e-02	2.5587927748e-12	8.5293092494e-13
3.8678147772e+08	6	6.0769500000e-02	2.4809044487e-02	9.8733739787e+01	6.0000000000e+00	6.0769500000e-02	2.4809044487e-02	1.7058618499e-12	6.9641518398e-13
3.8678157772e+08	11	1.1141075000e-01	3.3591605033e-02	9.8733739787e+01	1.1000000000e+01	1.1141075000e-01	3.3591605033e-02	3.1274133915e-12	9.4295061671e-13
3.8678167772e+08	5	5.0641250000e-02	2.2647455493e-02	9.8733739787e+01	5.0000000000e+00	5.0641250000e-02	2.2647455493e-02	1.4215515416e-12	6.3573717609e-13
3.8678177772e+08	6	6.0769500000e-02	2.4809044487e-02	9.8733739787e+01	6.0000000000e+00	6.0769500000e-02	2.4809044487e-02	1.7058618499e-12	6.9641518398e-13
3.8678187772e+08	2	2.0256500000e-02	1.4323508513e-02	9.8733739787e+01	2.0000000000e+00	2.0256500000e-02	1.4323508513e-02	5.6862061663e-13	4.0207549394e-13
3.8678197772e+08	7	7.0897750000e-02	2.6796830716e-02	9.8733739787e+01	7.0000000000e+00	7.0897750000e-02	2.6796830716e-02	1.9901721582e-12	7.5221437097e-13
3.8678207772e+08	4	4.0513000000e-02	2.0256500000e-02	9.8733739787e+01	4.0000000000e+00	4.0513000000e-02	2.0256500000e-02	1.1372412333e-12	5.6862061663e-13
3.8678217772e+08	9	9.1154250000e-02	3.0384750000e-02	9.8733739787e+01	9.0000000000e+00	9.1154250000e-02	3.0384750000e-02	2.5587927748e-12	8.5293092494e-13
3.8678227772e+08	4	4.0513000000e-02	2.0256500000e-02	9.8733739787e+01	4.0000000000e+00	4.0513000000e-02	2.0256500000e-02	1.1372412333e-12	5.6862061663e-13
3.8678237772e+08	8	8.1026000000e-02	2.8647017026e-02	9.8733739787e+01	8.0000000000e+00	8.1026000000e-02	2.8647017026e-02	2.2744824665e-12	8.0415098788e-13
3.8678247772e+08	4	4.0513000000e-02	2.0256500000e-02	9.8733739787e+01	4.0000000000e+00	4.0513000000e-02	2.0256500000e-02	1.1372412333e-12	5.6862061663e-13
3.8678257772e+08	4	4.0513000000e-02	2.0256500000e-02	9.8733739787e+01	4.0000000000e+00	4.0513000000e-02	2.0256500000e-02	1.1372412333e-12	5.6862061663e-13
3.8678267772e+08	6	6.0769500000e-02	2.4809044487e-02	9.8733739787e+01	6.0000000000e+00	6.0769500000e-02	2.4809044487e-02	1.7058618499e-12	6.9641518398e-13
3.8678277772e+08	4	4.0513000000e-02	2.0256500000e-02	9.8733739787e+01	4.0000000000e+00	4.0513000000e-02	2.0256500000e-02	1.1372412333e-12	5.6862061663e-13
3.8678287772e+08	5	5.0641250000e-02	2.2647455493e-02	9.8733739787e+01	4.8603988604e+00	4.9227334758e-02	2.2691549013e-02	1.4215515416e-12	6.3573717609e-13
3.8678297772e+08	4	4.0513000000e-02	2.0256500000e-02	9.8733739787e+01	3.8603988604e+00	3.9099084758e-02	2.0305786086e-02	1.1372412333e-12	5.6862061663e-13
3.8678307772e+08	9	9.1154250000e-02	3.0384750000e-02	9.8733739787e+01	9.0000000000e+00	9.1154250000e-02	3.0384750000e-02	2.5587927748e-12	8.5293092494e-13
3.8678317772e+08	5	5.0641250000e-02	2.2647455493e-02	9.8733739787e+01	5.0000000000e+00	5.0641250000e-02	2.2647455493e-02	1.4215515416e-12	6.3573717609e-13
3.8678327772e+08	4	4.0513000000e-02	2.0256500000e-02	9.8733739787e+01	4.0000000000e+00	4.0513000000e-02	2.0256500000e-02	1.1372412333e-12	5.6862061663e-13
3.8678337772e+08	1	1.0128250000e-02	1.0128250000e-02	9.8733739787e+01	1.0000000000e+00	1.0128250000e-02	1.0128250000e-02	2.8431030832e-13	2.8431030832e-13
3.8678347772e+08	4	4.0513000000e-02	2.0256500000e-02	9.8733739787e+01	4.0000000000e+00	4.0513000000e-02	2.0256500000e-02	1.1372412333e-12	5.6862061663e-13
3.8678357772e+08	2	2.0256500000e-02	1.4323508513e-02	9.8733739787e+01	2.0000000000e+00	2.0256500000e-02	1.4323508513e-02	5.6862061663e-13	4.0207549394e-13
3.8678367772e+08	4	4.0513000000e-02	2.0256500000e-02	9.8733739787e+01	4.0000000000e+00	4.0513000000e-02	2.0256500000e-02	1.1372412333e-12	5.6862061663e-13
3.8678377772e+08	5	5.0641250000e-02	2.2647455493e-02	9.8733739787e+01	5.0000000000e+00	5.0641250000e-02	2.2647455493e-02	1.4215515416e-12	6.3573717609e-13
3.8678387772e+08	7	7.0897750000e-02	2.6796830716e-02	9.8733739787e+01	7.0000000000e+00	7.0897750000e-02	2.6796830716e-02	1.9901721582e-12	7.5221437097e-13
3.8678397772e+08	7	7.0897750000e-02	2.6796830716e-02	9.8733739787e+01	6.8603988604e+00	6.9483834758e-02	2.6834106893e-02	1.9901721582e-12	7.5221437097e-13
3.8678407772e+08	7	7.0897750000e-02	2.6796830716e-02	9.8733739787e+01	7.0000000000e+00	7.0897750000e-02	2.6796830716e-02	1.9901721582e-12	7.5221437097e-13
3.8678417772e+08	8	8.1026000000e-02	2.8647017026e-02	9.8733739787e+01	8.0000000000e+00	8.1026000000e-02	2.8647017026e-02	2.2744824665e-12	8.0415098788e-13
3.8678427772e+08	6	6.0769500000e-02	2.4809044487e-02	9.8733739787e+01	6.0000000000e+00	6.0769500000e-02	2.4809044487e-02	1.7058618499e-12	6.9641518398e-13
3.8678437772e+08	7	7.0897750000e-02	2.6796830716e-02	9.8733739787e+01	6.8603988604e+00	6.9483834758e-02	2.6834106893e-02	1.9901721582e-12	7.5221437097e-13
3.8678447772e+08	2	2.0256500000e-02	1.4323508513e-02	9.8733739787e+01	2.0000000000e+00	2.0256500000e-02	1.4323508513e-02	5.6862061663e-13	4.0207549394e-13
3.8678457772e+08	4	4.0513000000e-02	2.0256500000e-02	9.8733739787e+01	4.0000000000e+00	4.0513000000e-02	2.0256500000e-02	1.1372412333e-12	5.6862061663e-13
3.8678467772e+08	5	5.0641250000e-02	2.2647455493e-02	9.8733739787e+01	5.0000000000e+00	5.0641250000e-02	2.2647455493e-02	1.4215515416e-12	6.3573717609e-13
3.8678477772e+08	8	8.1026000000e-02	2.8647017026e-02	9.8733739787e+01	8.0000000000e+00	8.1026000000e-02	2.8647017026e-02	2.2744824665e-12	8.0415098788e-13
3.8678487772e+08	11	1.1141075000e-01	3.3591605033e-02	9.8733739787e+01	1.1000000000e+01	1.1141075000e-01	3.3591605033e-02	3.1274133915e-12	9.4295061671e-13
3.8678497772e+08	7	7.0897750000e-02	2.6796830716e-02	9.8733739787e+01	7.0000000000e+00	7.0897750000e-02	2.6796830716e-02	1.9901721582e-12	7.5221437097e-13
3.8678507772e+08	5	5.0641250000e-02	2.2647455493e-02	9.8733739787e+01	5.0000000000e+00	5.0641250000e-02	2.2647455493e-02	1.4215515416e-12	6.3573717609e-13
3.8678517772e+08	8	8.1026000000e-02	2.8647017026e-02	9.8733739787e+01	8.0000000000e+00	8.1026000000e-02	2.8647017026e-02	2.2744824665e-12	8.0415098788e-13
3.8678527772e+08	6	6.0769500000e-02	2.4809044487e-02	9.8733739787e+01	5.8603988604e+00	5.9355584758e-02	2.4849302700e-02	1.7058618499e-12	6.9641518398e-13
3.8678537772e+08	6	6.0769500000e-02	2.4809044487e-02	9.8733739787e+01	6.0000000000e+00	6.0769500000e-02	2.4809044487e-02	1.7058618499e-12	6.9641518398e-13
3.8678547772e+08	7	7.0897750000e-02	2.6796830716e-02	9.8733739787e+01	7.0000000000e+00	7.0897750000e-02	2.6796830716e-02	1.9901721582e-12	7.5221437097e-13
3.8678557772e+08	5	5.0641250000e-02	2.2647455493e-02	9.8733739787e+01	5.0000000000e+00	5.0641250000e-02	2.2647455493e-02	1.4215515416e-12	6.3573717609e-13
3.8678567772e+08	5	5.0641250000e-02	2.2647455493e-02	9.8733739787e+01	5.0000000000e+00	5.0641250000e-02	2.2647455493e-02	1.4215515416e-12	6.3573717609e-13
3.8678577772e+08	1	1.0128250000e-02	1.0128250000e-02	9.8733739787e+01	1.0000000000e+00	1.0128250000e-02	1.0128250000e-02	2.8431030832e-13	2.8431030832e-13
3.8678587772e+08	4	4.0513000000e-02	2.0256500000e-02	9.8733739787e+01	4.0000000000e+00	4.0513000000e-02	2.0256500000e-02	1.1372412333e-12	5.6862061663e-13
3.8678597772e+08	5	5.0641250000e-02	2.2647455493e-02	9.8733739787e+01	5.0000000000e+00	5.0641250000e-02	2.2647455493e-02	1.4215515416e-12	6.3573717609e-13
3.8678607772e+08	6	6.0769500000e-02	2.4809044487e-02	9.8733739787e+01	6.0000000000e+00	6.0769500000e-02	2.4809044487e-02	1.7058618499e-12	6.9641518398e-13
3.8678617772e+08	6	6.0769500000e-02	2.4809044487e-02	9.8733739787e+01	6.0000000000e+00	6.0769500000e-02	2.4809044487e-02	1.7058618499e-12	6.9641518398e-13
3.8678627772e+08	9	9.1154250000e-02	3.0384750000e-02	9.8733739787e+01	9.0000000000e+00	9.1154250000e-02	3.0384750000e-02	2.5587927748e-12	8.5293092494e-13
3.8678637772e+08	13	1.3166725000e-01	3.6517924706e-02	9.8733739787e+01	1.2860398860e+01	1.3025333476e-01	3.6545286716e-02	3.6960340081e-12	1.0250953948e-12
3.8678647772e+08	15	1.5192375000e-01	3.9226543576e-02	9.8733739787e+01	1.5000000000e+01	1.5192375000e-01	3.9226543576e-02	4.2646546247e-12	1.1011290893e-12
3.8678657772e+08	9	9.1154250000e-02	3.0384750000e-02	9.8733739787e+01	9.0000000000e+00	9.1154250000e-02	3.0384750000e-02	2.5587927748e-12	8.5293092494e-13
3.8678667772e+08	2	2.0256500000e-02	1.4323508513e-02	9.8733739787e+01	2.0000000000e+00	2.0256500000e-02	1.4323508513e-02	5.6862061663e-13	4.0207549394e-13
3.8678677772e+08	3	3.0384750000e-02	1.7542643592e-02	9.8733739787e+01	3.0000000000e+00	3.0384750000e-02	1.7542643592e-02	8.5293092494e-13	4.9243989912e-13
3.8678687772e+08	8	8.1026000000e-02	2.8647017026e-02	9.8733739787e+01	8.0000000000e+00	8.1026000000e-02	2.8647017026e-02	2.2744824665e-12	8.0415098788e-13
3.8678697772e+08	6	6.0769500000e-02	2.4809044487e-02	9.8733739787e+01	6.0000000000e+00	6.0769500000e-02	2.4809044487e-02	1.7058618499e-12	6.9641518398e-13
3.8678707772e+08	8	8.1026000000e-02	2.8647017026e-02	9.8733739787e+01	8.0000000000e+00	8.1026000000e-02	2.8647017026e-02	2.2744824665e-12	8.0415098788e-13
3.8678717772e+08	6	6.0769500000e-02	2.4809044487e-02	9.8733739787e+01	5.8603988604e+00	5.9355584758e-02	2.4849302700e-02	1.7058618499e-12	6.9641518398e-13
3.8678727772e+08	5	5.0641250000e-02	2.2647455493e-02	9.8733739787e+01	4.8603988604e+00	4.9227334758e-02	2.2691549013e-02	1.4215515416e-12	6.3573717609e-13
3.8678737772e+08	6	6.0769500000e-02	2.4809044487e-02	9.8733739787e+01	5.7207977208e+00	5.7941669516e-02	2.4889495796e-02	1.7058618499e-12	6.9641518398e-13
3.8678747772e+08	8	8.1026000000e-02	2.8647017026e-02	9.8733739787e+01	7.8603988604e+00	7.9612084758e-02	2.8681888725e-02	2.2744824665e-12	8.0415098788e-13
3.8678757772e+08	9	9.1154250000e-02	3.0384750000e-02	9.8733739787e+01	9.0000000000e+00	9.1154250000e-02	3.0384750000e-02	2.5587927748e-12	8.5293092494e-13
3.8678767772e+08	13	1.3166725000e-01	3.6517924706e-02	9.8733739787e+01	1.3000000000e+01	1.3166725000e-01	3.6517924706e-02	3.6960340081e-12	1.0250953948e-12
3.8678777772e+08	9	9.1154250000e-02	3.0384750000e-02	9.8733739787e+01	9.0000000000e+00	9.1154250000e-02	3.0384750000e-02	2.5587927748e-12	8.5293092494e-13
3.8678787772e+08	9	9.1154250000e-02	3.0384750000e-02	9.8733739787e+01	9.0000000000e+00	9.1154250000e-02	3.0384750000e-02	2.5587927748e-12	8.5293092494e-13
3.8678797772e+08	9	9.1154250000e-02	3.0384750000e-02	9.8733739787e+01	9.0000000000e+00	9.1154250000e-02	3.0384750000e-02	2.5587927748e-12	8.5293092494e-13
3.8678807772e+08	9	9.1154250000e-02	3.0384750000e-02	9.8733739787e+01	9.0000000000e+00	9.1154250000e-02	3.0384750000e-02	2.5587927748e-12	8.5293092494e-13
3.8678817772e+08	5	5.0641250000e-02	2.2647455493e-02	9.8733739787e+01	4.8603988604e+00	4.9227334758e-02	2.2691549013e-02	1.4215515416e-12	6.3573717609e-13
3.8678827772e+08	5	5.0641250000e-02	2.2647455493e-02	9.8733739787e+01	5.0000000000e+00	5.0641250000e-02	2.2647455493e-02	1.4215515416e-12	6.3573717609e-13
3.8678837772e+08	6	6.0769500000e-02	2.4809044487e-02	9.8733739787e+01	6.0000000000e+00	6.0769500000e-02	2.4809044487e-02	1.7058618499e-12	6.9641518398e-13
3.8678847772e+08	6	6.0769500000e-02	2.4809044487e-02	9.8733739787e+01	5.8603988604e+00	5.9355584758e-02	2.4849302700e-02	1.7058618499e-12	6.9641518398e-13
3.8678857772e+08	8	8.1026000000e-02	2.8647017026e-02	9.8733739787e+01	8.0000000000e+00	8.1026000000e-02	2.8647017026e-02	2.2744824665e-12	8.0415098788e-13
3.8678867772e+08	8	8.1026000000e-02	2.8647017026e-02	9.8733739787e+01	7.7207977208e+00	7.8198169516e-02	2.8716718077e-02	2.2744824665e-12	8.0415098788e-13
3.8678877772e+08	7	7.0897750000e-02	2.6796830716e-02	9.8733739787e+01	7.0000000000e+00	7.0897750000e-02	2.6796830716e-02	1.9901721582e-12	7.5221437097e-13
3.8678887772e+08	8	8.1026000000e-02	2.8647017026e-02	9.8733739787e+01	8.0000000000e+00	8.1026000000e-02	2.8647017026e-02	2.2744824665e-12	8.0415098788e-13
3.8678897772e+08	8	8.1026000000e-02	2.8647017026e-02	9.8733739787e+01	8.0000000000e+00	8.1026000000e-02	2.8647017026e-02	2.2744824665e-12	8.0415098788e-13
3.8678907772e+08	9	9.1154250000e-02	3.0384750000e-02	9.8733739787e+01	9.0000000000e+00	9.1154250000e-02	3.0384750000e-02	2.5587927748e-12	8.5293092494e-13
3.8678917772e+08	11	1.1141075000e-01	3.3591605033e-02	9.8733739787e+01	1.1000000000e+01	1.1141075000e-01	3.3591605033e-02	3.1274133915e-12	9.4295061671e-13
3.8678927772e+08	10	1.0128250000e-01	3.2028338712e-02	9.8733739787e+01	9.8603988604e+00	9.9868584758e-02	3.2059532700e-02	2.8431030832e-12	8.9906813655e-13
3.8678937772e+08	6	6.0769500000e-02	2.4809044487e-02	9.8733739787e+01	6.0000000000e+00	6.0769500000e-02	2.4809044487e-02	1.7058618499e-12	6.9641518398e-13
3.8678947772e+08	13	1.3166725000e-01	3.6517924706e-02	9.8733739787e+01	1.3000000000e+01	1.3166725000e-01	3.6517924706e-02	3.6960340081e-12	1.0250953948e-12
3.8678957772e+08	7	7.0897750000e-02	2.6796830716e-02	9.8733739787e+01	7.0000000000e+00	7.0897750000e-02	2.6796830716e-02	1.9901721582e-12	7.5221437097e-13
3.8678967772e+08	7	7.0897750000e-02	2.6796830716e-02	9.8733739787e+01	7.0000000000e+00	7.0897750000e-02	2.6796830716e-02	1.9901721582e-12	7.5221437097e-13
3.8678977772e+08	3	3.0384750000e-02	1.7542643592e-02	9.8733739787e+01	3.0000000000e+00	3.0384750000e-02	1.7542643592e-02	8.5293092494e-13	4.9243989912e-13
3.8678987772e+08	3	3.0384750000e-02	1.7542643592e-02	9.8733739787e+01	3.0000000000e+00	3.0384750000e-02	1.7542643592e-02	8.5293092494e-13	4.9243989912e-13
3.8678997772e+08	7	7.0897750000e-02	2.6796830716e-02	9.8733739787e+01	7.0000000000e+00	7.0897750000e-02	2.6796830716e-02	1.9901721582e-12	7.5221437097e-13
3.8679007772e+08	9	9.1154250000e-02	3.0384750000e-02	9.8733739787e+01	9.0000000000e+00	9.1154250000e-02	3.0384750000e-02	2.5587927748e-12	8.5293092494e-13
3.8679017772e+08	4	4.0513000000e-02	2.0256500000e-02	9.8733739787e+01	4.0000000000e+00	4.0513000000e-02	2.0256500000e-02	1.1372412333e-12	5.6862061663e-13
3.8679027772e+08	3	3.0384750000e-02	1.7542643592e-02	9.8733739787e+01	3.0000000000e+00	3.0384750000e-02	1.7542643592e-02	8.5293092494e-13	4.9243989912e-13
3.8679037772e+08	11	1.1141075000e-01	3.3591605033e-02	9.8733739787e+01	1.1000000000e+01	1.1141075000e-01	3.3591605033e-02	3.1274133915e-12	9.4295061671e-13
3.8679047772e+08	10	1.0128250000e-01	3.2028338712e-02	9.8733739787e+01	1.0000000000e+01	1.0128250000e-01	3.2028338712e-02	2.8431030832e-12	8.9906813655e-13
3.8679057772e+08	4	4.0513000000e-02	2.0256500000e-02	9.8733739787e+01	4.0000000000e+00	4.0513000000e-02	2.0256500000e-02	1.1372412333e-12	5.6862061663e-13
3.8679067772e+08	10	1.0128250000e-01	3.2028338712e-02	9.8733739787e+01	1.0000000000e+01	1.0128250000e-01	3.2028338712e-02	2.8431030832e-12	8.9906813655e-13
3.8679077772e+08	4	4.0513000000e-02	2.0256500000e-02	9.8733739787e+01	3.8603988604e+00	3.9099084758e-02	2.0305786086e-02	1.1372412333e-12	5.6862061663e-13
3.8679087772e+08	3	3.0384750000e-02	1.7542643592e-02	9.8733739787e+01	3.0000000000e+00	3.0384750000e-02	1.7542643592e-02	8.5293092494e-13	4.9243989912e-13
3.8679097772e+08	5	5.0641250000e-02	2.2647455493e-02	9.8733739787e+01	4.8603988604e+00	4.9227334758e-02	2.2691549013e-02	1.4215515416e-12	6.3573717609e-13
3.8679107772e+08	8	8.1026000000e-02	2.8647017026e-02	9.8733739787e+01	8.0000000000e+00	8.1026000000e-02	2.8647017026e-02	2.2744824665e-12	8.0415098788e-13
3.8679117772e+08	13	1.3166725000e-01	3.6517924706e-02	9.8733739787e+01	1.2860398860e+01	1.3025333476e-01	3.6545286716e-02	3.6960340081e-12	1.0250953948e-12
3.8679127772e+08	7	7.0897750000e-02	2.6796830716e-02	9.8733739787e+01	7.0000000000e+00	7.0897750000e-02	2.6796830716e-02	1.9901721582e-12	7.5221437097e-13
3.8679137772e+08	5	5.0641250000e-02	2.2647455493e-02	9.8733739787e+01	5.0000000000e+00	5.0641250000e-02	2.2647455493e-02	1.4215515416e-12	6.3573717609e-13
3.8679147772e+08	9	9.1154250000e-02	3.0384750000e-02	9.8733739787e+01	9.0000000000e+00	9.1154250000e-02	3.0384750000e-02	2.5587927748e-12	8.5293092494e-13
3.8679157772e+08	7	7.0897750000e-02	2.6796830716e-02	9.8733739787e+01	7.0000000000e+00	7.0897750000e-02	2.6796830716e-02	1.9901721582e-12	7.5221437097e-13
3.8679167772e+08	7	7.0897750000e-02	2.6796830716e-02	9.8733739787e+01	6.8603988604e+00	6.9483834758e-02	2.6834106893e-02	1.9901721582e-12	7.5221437097e-13
3.8679177772e+08	6	6.0769500000e-02	2.4809044487e-02	9.8733739787e+01	6.0000000000e+00	6.0769500000e-02	2.4809044487e-02	1.7058618499e-12	6.9641518398e-13
3.8679187772e+08	4	4.0513000000e-02	2.0256500000e-02	9.8733739787e+01	4.0000000000e+00	4.0513000000e-02	2.0256500000e-02	1.1372412333e-12	5.6862061663e-13
3.8679197772e+08	0	0.0000000000e+00	0.0000000000e+00	2.8232824528e+01	0.0000000000e+00	0.0000000000e+00	0.0000000000e+00	0.0000000000e+00	0.0000000000e+00
3.8679207772e+08	0	0.0000000000e+00	0.0000000000e+00	0.0000000000e+00	nan	0.0000000000e+00	nan	0.0000000000e+00	0.0000000000e+00
3.8679217772e+08	0	0.0000000000e+00	0.0000000000e+00	0.0000000000e+00	nan	0.0000000000e+00	nan	0.0000000000e+00	0.0000000000e+00
