# Light curve with FLUX columns added
# Conversion factor: 2.807102e-11 (erg/cm²/s)/(count/s)
# Source file: 11080_100s_hard.txt
#
# TIME	COUNTS	COUNT_RATE	COUNT_RATE_ERR	EXPOSURE	NET_COUNTS	NET_RATE	ERR_RATE	FLUX	FLUX_ERR
3.7381416160e+08	0	0.0000000000e+00	0.0000000000e+00	0.0000000000e+00	nan	0.0000000000e+00	nan	0.0000000000e+00	0.0000000000e+00
3.7381426160e+08	0	0.0000000000e+00	0.0000000000e+00	0.0000000000e+00	nan	0.0000000000e+00	nan	0.0000000000e+00	0.0000000000e+00
3.7381436160e+08	0	0.0000000000e+00	0.0000000000e+00	0.0000000000e+00	nan	0.0000000000e+00	nan	0.0000000000e+00	0.0000000000e+00
3.7381446160e+08	0	0.0000000000e+00	0.0000000000e+00	0.0000000000e+00	nan	0.0000000000e+00	nan	0.0000000000e+00	0.0000000000e+00
3.7381456160e+08	0	0.0000000000e+00	0.0000000000e+00	0.0000000000e+00	nan	0.0000000000e+00	nan	0.0000000000e+00	0.0000000000e+00
3.7381466160e+08	0	0.0000000000e+00	0.0000000000e+00	0.0000000000e+00	nan	0.0000000000e+00	nan	0.0000000000e+00	0.0000000000e+00
3.7381476160e+08	0	0.0000000000e+00	0.0000000000e+00	0.0000000000e+00	nan	0.0000000000e+00	nan	0.0000000000e+00	0.0000000000e+00
3.7381486160e+08	0	0.0000000000e+00	0.0000000000e+00	0.0000000000e+00	nan	0.0000000000e+00	nan	0.0000000000e+00	0.0000000000e+00
3.7381496160e+08	0	0.0000000000e+00	0.0000000000e+00	0.0000000000e+00	nan	0.0000000000e+00	nan	0.0000000000e+00	0.0000000000e+00
3.7381506160e+08	0	0.0000000000e+00	0.0000000000e+00	0.0000000000e+00	nan	0.0000000000e+00	nan	0.0000000000e+00	0.0000000000e+00
3.7381516160e+08	0	0.0000000000e+00	0.0000000000e+00	0.0000000000e+00	nan	0.0000000000e+00	nan	0.0000000000e+00	0.0000000000e+00
3.7381526160e+08	0	0.0000000000e+00	0.0000000000e+00	0.0000000000e+00	nan	0.0000000000e+00	nan	0.0000000000e+00	0.0000000000e+00
3.7381536160e+08	0	0.0000000000e+00	0.0000000000e+00	0.0000000000e+00	nan	0.0000000000e+00	nan	0.0000000000e+00	0.0000000000e+00
3.7381546160e+08	0	0.0000000000e+00	0.0000000000e+00	0.0000000000e+00	nan	0.0000000000e+00	nan	0.0000000000e+00	0.0000000000e+00
3.7381556160e+08	0	0.0000000000e+00	0.0000000000e+00	0.0000000000e+00	nan	0.0000000000e+00	nan	0.0000000000e+00	0.0000000000e+00
3.7381566160e+08	0	0.0000000000e+00	0.0000000000e+00	0.0000000000e+00	nan	0.0000000000e+00	nan	0.0000000000e+00	0.0000000000e+00
3.7381576160e+08	0	0.0000000000e+00	0.0000000000e+00	0.0000000000e+00	nan	0.0000000000e+00	nan	0.0000000000e+00	0.0000000000e+00
3.7381586160e+08	0	0.0000000000e+00	0.0000000000e+00	0.0000000000e+00	nan	0.0000000000e+00	nan	0.0000000000e+00	0.0000000000e+00
3.7381596160e+08	1	1.4798228869e-02	1.4798228869e-02	6.7575654413e+01	1.0000000000e+00	1.4798228869e-02	1.4798228869e-02	4.1540137855e-13	4.1540137855e-13
3.7381606160e+08	1	1.0128250000e-02	1.0128250000e-02	9.8733739787e+01	1.0000000000e+00	1.0128250000e-02	1.0128250000e-02	2.8431030832e-13	2.8431030832e-13
3.7381616160e+08	1	1.0128250000e-02	1.0128250000e-02	9.8733739787e+01	1.0000000000e+00	1.0128250000e-02	1.0128250000e-02	2.8431030832e-13	2.8431030832e-13
3.7381626160e+08	1	1.0128250000e-02	1.0128250000e-02	9.8733739787e+01	1.0000000000e+00	1.0128250000e-02	1.0128250000e-02	2.8431030832e-13	2.8431030832e-13
3.7381636160e+08	1	1.0128250000e-02	1.0128250000e-02	9.8733739787e+01	1.0000000000e+00	1.0128250000e-02	1.0128250000e-02	2.8431030832e-13	2.8431030832e-13
3.7381646160e+08	0	0.0000000000e+00	0.0000000000e+00	9.8733739787e+01	0.0000000000e+00	0.0000000000e+00	0.0000000000e+00	0.0000000000e+00	0.0000000000e+00
3.7381656160e+08	3	3.0384750000e-02	1.7542643592e-02	9.8733739787e+01	3.0000000000e+00	3.0384750000e-02	1.7542643592e-02	8.5293092494e-13	4.9243989912e-13
3.7381666160e+08	1	1.0128250000e-02	1.0128250000e-02	9.8733739787e+01	1.0000000000e+00	1.0128250000e-02	1.0128250000e-02	2.8431030832e-13	2.8431030832e-13
3.7381676160e+08	0	0.0000000000e+00	0.0000000000e+00	9.8733739787e+01	0.0000000000e+00	0.0000000000e+00	0.0000000000e+00	0.0000000000e+00	0.0000000000e+00
3.7381686160e+08	0	0.0000000000e+00	0.0000000000e+00	9.8733739787e+01	0.0000000000e+00	0.0000000000e+00	0.0000000000e+00	0.0000000000e+00	0.0000000000e+00
3.7381696160e+08	0	0.0000000000e+00	0.0000000000e+00	9.8733739787e+01	0.0000000000e+00	0.0000000000e+00	0.0000000000e+00	0.0000000000e+00	0.0000000000e+00
3.7381706160e+08	1	1.0128250000e-02	1.0128250000e-02	9.8733739787e+01	1.0000000000e+00	1.0128250000e-02	1.0128250000e-02	2.8431030832e-13	2.8431030832e-13
3.7381716160e+08	1	1.0128250000e-02	1.0128250000e-02	9.8733739787e+01	1.0000000000e+00	1.0128250000e-02	1.0128250000e-02	2.8431030832e-13	2.8431030832e-13
3.7381726160e+08	0	0.0000000000e+00	0.0000000000e+00	9.8733739787e+01	0.0000000000e+00	0.0000000000e+00	0.0000000000e+00	0.0000000000e+00	0.0000000000e+00
3.7381736160e+08	0	0.0000000000e+00	0.0000000000e+00	9.8733739787e+01	0.0000000000e+00	0.0000000000e+00	0.0000000000e+00	0.0000000000e+00	0.0000000000e+00
3.7381746160e+08	1	1.0128250000e-02	1.0128250000e-02	9.8733739787e+01	1.0000000000e+00	1.0128250000e-02	1.0128250000e-02	2.8431030832e-13	2.8431030832e-13
3.7381756160e+08	0	0.0000000000e+00	0.0000000000e+00	9.8733739787e+01	0.0000000000e+00	0.0000000000e+00	0.0000000000e+00	0.0000000000e+00	0.0000000000e+00
3.7381766160e+08	2	2.0256500000e-02	1.4323508513e-02	9.8733739787e+01	2.0000000000e+00	2.0256500000e-02	1.4323508513e-02	5.6862061663e-13	4.0207549394e-13
3.7381776160e+08	1	1.0128250000e-02	1.0128250000e-02	9.8733739787e+01	1.0000000000e+00	1.0128250000e-02	1.0128250000e-02	2.8431030832e-13	2.8431030832e-13
3.7381786160e+08	0	0.0000000000e+00	0.0000000000e+00	9.8733739787e+01	0.0000000000e+00	0.0000000000e+00	0.0000000000e+00	0.0000000000e+00	0.0000000000e+00
3.7381796160e+08	0	0.0000000000e+00	0.0000000000e+00	9.8733739787e+01	0.0000000000e+00	0.0000000000e+00	0.0000000000e+00	0.0000000000e+00	0.0000000000e+00
3.7381806160e+08	1	1.0128250000e-02	1.0128250000e-02	9.8733739787e+01	1.0000000000e+00	1.0128250000e-02	1.0128250000e-02	2.8431030832e-13	2.8431030832e-13
3.7381816160e+08	2	2.0256500000e-02	1.4323508513e-02	9.8733739787e+01	2.0000000000e+00	2.0256500000e-02	1.4323508513e-02	5.6862061663e-13	4.0207549394e-13
3.7381826160e+08	1	1.0128250000e-02	1.0128250000e-02	9.8733739787e+01	1.0000000000e+00	1.0128250000e-02	1.0128250000e-02	2.8431030832e-13	2.8431030832e-13
3.7381836160e+08	1	1.0128250000e-02	1.0128250000e-02	9.8733739787e+01	8.0952380952e-01	8.1990595238e-03	1.0310345482e-02	2.8431030832e-13	2.8431030832e-13
3.7381846160e+08	2	2.0256500000e-02	1.4323508513e-02	9.8733739787e+01	2.0000000000e+00	2.0256500000e-02	1.4323508513e-02	5.6862061663e-13	4.0207549394e-13
3.7381856160e+08	0	0.0000000000e+00	0.0000000000e+00	9.8733739787e+01	0.0000000000e+00	0.0000000000e+00	0.0000000000e+00	0.0000000000e+00	0.0000000000e+00
3.7381866160e+08	2	2.0256500000e-02	1.4323508513e-02	9.8733739787e+01	2.0000000000e+00	2.0256500000e-02	1.4323508513e-02	5.6862061663e-13	4.0207549394e-13
3.7381876160e+08	0	0.0000000000e+00	0.0000000000e+00	9.8733739787e+01	0.0000000000e+00	0.0000000000e+00	0.0000000000e+00	0.0000000000e+00	0.0000000000e+00
3.7381886160e+08	1	1.0128250000e-02	1.0128250000e-02	9.8733739787e+01	1.0000000000e+00	1.0128250000e-02	1.0128250000e-02	2.8431030832e-13	2.8431030832e-13
3.7381896160e+08	2	2.0256500000e-02	1.4323508513e-02	9.8733739787e+01	2.0000000000e+00	2.0256500000e-02	1.4323508513e-02	5.6862061663e-13	4.0207549394e-13
3.7381906160e+08	4	4.0513000000e-02	2.0256500000e-02	9.8733739787e+01	3.8095238095e+00	3.8583809524e-02	2.0348158839e-02	1.1372412333e-12	5.6862061663e-13
3.7381916160e+08	1	1.0128250000e-02	1.0128250000e-02	9.8733739787e+01	1.0000000000e+00	1.0128250000e-02	1.0128250000e-02	2.8431030832e-13	2.8431030832e-13
3.7381926160e+08	3	3.0384750000e-02	1.7542643592e-02	9.8733739787e+01	2.8095238095e+00	2.8455559524e-02	1.7648402763e-02	8.5293092494e-13	4.9243989912e-13
3.7381936160e+08	0	0.0000000000e+00	0.0000000000e+00	9.8733739787e+01	0.0000000000e+00	0.0000000000e+00	0.0000000000e+00	0.0000000000e+00	0.0000000000e+00
3.7381946160e+08	0	0.0000000000e+00	0.0000000000e+00	9.8733739787e+01	0.0000000000e+00	0.0000000000e+00	0.0000000000e+00	0.0000000000e+00	0.0000000000e+00
3.7381956160e+08	3	3.0384750000e-02	1.7542643592e-02	9.8733739787e+01	3.0000000000e+00	3.0384750000e-02	1.7542643592e-02	8.5293092494e-13	4.9243989912e-13
3.7381966160e+08	0	0.0000000000e+00	0.0000000000e+00	9.8733739787e+01	0.0000000000e+00	0.0000000000e+00	0.0000000000e+00	0.0000000000e+00	0.0000000000e+00
3.7381976160e+08	0	0.0000000000e+00	0.0000000000e+00	9.8733739787e+01	0.0000000000e+00	0.0000000000e+00	0.0000000000e+00	0.0000000000e+00	0.0000000000e+00
3.7381986160e+08	0	0.0000000000e+00	0.0000000000e+00	9.8733739787e+01	0.0000000000e+00	0.0000000000e+00	0.0000000000e+00	0.0000000000e+00	0.0000000000e+00
3.7381996160e+08	0	0.0000000000e+00	0.0000000000e+00	9.8733739787e+01	0.0000000000e+00	0.0000000000e+00	0.0000000000e+00	0.0000000000e+00	0.0000000000e+00
3.7382006160e+08	1	1.0128250000e-02	1.0128250000e-02	9.8733739787e+01	1.0000000000e+00	1.0128250000e-02	1.0128250000e-02	2.8431030832e-13	2.8431030832e-13
3.7382016160e+08	1	1.0128250000e-02	1.0128250000e-02	9.8733739787e+01	8.0952380952e-01	8.1990595238e-03	1.0310345482e-02	2.8431030832e-13	2.8431030832e-13
3.7382026160e+08	2	2.0256500000e-02	1.4323508513e-02	9.8733739787e+01	2.0000000000e+00	2.0256500000e-02	1.4323508513e-02	5.6862061663e-13	4.0207549394e-13
3.7382036160e+08	1	1.0128250000e-02	1.0128250000e-02	9.8733739787e+01	1.0000000000e+00	1.0128250000e-02	1.0128250000e-02	2.8431030832e-13	2.8431030832e-13
3.7382046160e+08	0	0.0000000000e+00	0.0000000000e+00	9.8733739787e+01	0.0000000000e+00	0.0000000000e+00	0.0000000000e+00	0.0000000000e+00	0.0000000000e+00
3.7382056160e+08	2	2.0256500000e-02	1.4323508513e-02	9.8733739787e+01	2.0000000000e+00	2.0256500000e-02	1.4323508513e-02	5.6862061663e-13	4.0207549394e-13
3.7382066160e+08	0	0.0000000000e+00	0.0000000000e+00	9.8733739787e+01	0.0000000000e+00	0.0000000000e+00	0.0000000000e+00	0.0000000000e+00	0.0000000000e+00
3.7382076160e+08	0	0.0000000000e+00	0.0000000000e+00	9.8733739787e+01	0.0000000000e+00	0.0000000000e+00	0.0000000000e+00	0.0000000000e+00	0.0000000000e+00
3.7382086160e+08	0	0.0000000000e+00	0.0000000000e+00	9.8733739787e+01	0.0000000000e+00	0.0000000000e+00	0.0000000000e+00	0.0000000000e+00	0.0000000000e+00
3.7382096160e+08	0	0.0000000000e+00	0.0000000000e+00	9.8733739787e+01	0.0000000000e+00	0.0000000000e+00	0.0000000000e+00	0.0000000000e+00	0.0000000000e+00
3.7382106160e+08	0	0.0000000000e+00	0.0000000000e+00	9.8733739787e+01	0.0000000000e+00	0.0000000000e+00	0.0000000000e+00	0.0000000000e+00	0.0000000000e+00
3.7382116160e+08	2	2.0256500000e-02	1.4323508513e-02	9.8733739787e+01	2.0000000000e+00	2.0256500000e-02	1.4323508513e-02	5.6862061663e-13	4.0207549394e-13
3.7382126160e+08	1	1.0128250000e-02	1.0128250000e-02	9.8733739787e+01	1.0000000000e+00	1.0128250000e-02	1.0128250000e-02	2.8431030832e-13	2.8431030832e-13
3.7382136160e+08	0	0.0000000000e+00	0.0000000000e+00	9.8733739787e+01	0.0000000000e+00	0.0000000000e+00	0.0000000000e+00	0.0000000000e+00	0.0000000000e+00
3.7382146160e+08	0	0.0000000000e+00	0.0000000000e+00	9.8733739787e+01	0.0000000000e+00	0.0000000000e+00	0.0000000000e+00	0.0000000000e+00	0.0000000000e+00
3.7382156160e+08	0	0.0000000000e+00	0.0000000000e+00	9.8733739787e+01	0.0000000000e+00	0.0000000000e+00	0.0000000000e+00	0.0000000000e+00	0.0000000000e+00
3.7382166160e+08	3	3.0384750000e-02	1.7542643592e-02	9.8733739787e+01	3.0000000000e+00	3.0384750000e-02	1.7542643592e-02	8.5293092494e-13	4.9243989912e-13
3.7382176160e+08	0	0.0000000000e+00	0.0000000000e+00	9.8733739787e+01	0.0000000000e+00	0.0000000000e+00	0.0000000000e+00	0.0000000000e+00	0.0000000000e+00
3.7382186160e+08	1	1.0128250000e-02	1.0128250000e-02	9.8733739787e+01	1.0000000000e+00	1.0128250000e-02	1.0128250000e-02	2.8431030832e-13	2.8431030832e-13
3.7382196160e+08	2	2.0256500000e-02	1.4323508513e-02	9.8733739787e+01	2.0000000000e+00	2.0256500000e-02	1.4323508513e-02	5.6862061663e-13	4.0207549394e-13
3.7382206160e+08	0	0.0000000000e+00	0.0000000000e+00	9.8733739787e+01	0.0000000000e+00	0.0000000000e+00	0.0000000000e+00	0.0000000000e+00	0.0000000000e+00
3.7382216160e+08	2	2.0256500000e-02	1.4323508513e-02	9.8733739787e+01	2.0000000000e+00	2.0256500000e-02	1.4323508513e-02	5.6862061663e-13	4.0207549394e-13
3.7382226160e+08	0	0.0000000000e+00	0.0000000000e+00	9.8733739787e+01	0.0000000000e+00	0.0000000000e+00	0.0000000000e+00	0.0000000000e+00	0.0000000000e+00
3.7382236160e+08	0	0.0000000000e+00	0.0000000000e+00	9.8733739787e+01	0.0000000000e+00	0.0000000000e+00	0.0000000000e+00	0.0000000000e+00	0.0000000000e+00
3.7382246160e+08	0	0.0000000000e+00	0.0000000000e+00	9.8733739787e+01	0.0000000000e+00	0.0000000000e+00	0.0000000000e+00	0.0000000000e+00	0.0000000000e+00
3.7382256160e+08	2	2.0256500000e-02	1.4323508513e-02	9.8733739787e+01	2.0000000000e+00	2.0256500000e-02	1.4323508513e-02	5.6862061663e-13	4.0207549394e-13
3.7382266160e+08	2	2.0256500000e-02	1.4323508513e-02	9.8733739787e+01	2.0000000000e+00	2.0256500000e-02	1.4323508513e-02	5.6862061663e-13	4.0207549394e-13
3.7382276160e+08	0	0.0000000000e+00	0.0000000000e+00	9.8733739787e+01	0.0000000000e+00	0.0000000000e+00	0.0000000000e+00	0.0000000000e+00	0.0000000000e+00
3.7382286160e+08	1	1.0128250000e-02	1.0128250000e-02	9.8733739787e+01	1.0000000000e+00	1.0128250000e-02	1.0128250000e-02	2.8431030832e-13	2.8431030832e-13
3.7382296160e+08	1	1.0128250000e-02	1.0128250000e-02	9.8733739787e+01	1.0000000000e+00	1.0128250000e-02	1.0128250000e-02	2.8431030832e-13	2.8431030832e-13
3.7382306160e+08	2	2.0256500000e-02	1.4323508513e-02	9.8733739787e+01	2.0000000000e+00	2.0256500000e-02	1.4323508513e-02	5.6862061663e-13	4.0207549394e-13
3.7382316160e+08	2	2.0256500000e-02	1.4323508513e-02	9.8733739787e+01	1.8095238095e+00	1.8327309524e-02	1.4452843043e-02	5.6862061663e-13	4.0207549394e-13
3.7382326160e+08	3	3.0384750000e-02	1.7542643592e-02	9.8733739787e+01	3.0000000000e+00	3.0384750000e-02	1.7542643592e-02	8.5293092494e-13	4.9243989912e-13
3.7382336160e+08	2	2.0256500000e-02	1.4323508513e-02	9.8733739787e+01	2.0000000000e+00	2.0256500000e-02	1.4323508513e-02	5.6862061663e-13	4.0207549394e-13
3.7382346160e+08	0	0.0000000000e+00	0.0000000000e+00	9.8733739787e+01	0.0000000000e+00	0.0000000000e+00	0.0000000000e+00	0.0000000000e+00	0.0000000000e+00
3.7382356160e+08	1	1.0128250000e-02	1.0128250000e-02	9.8733739787e+01	1.0000000000e+00	1.0128250000e-02	1.0128250000e-02	2.8431030832e-13	2.8431030832e-13
3.7382366160e+08	3	3.0384750000e-02	1.7542643592e-02	9.8733739787e+01	3.0000000000e+00	3.0384750000e-02	1.7542643592e-02	8.5293092494e-13	4.9243989912e-13
3.7382376160e+08	1	1.0128250000e-02	1.0128250000e-02	9.8733739787e+01	1.0000000000e+00	1.0128250000e-02	1.0128250000e-02	2.8431030832e-13	2.8431030832e-13
3.7382386160e+08	0	0.0000000000e+00	0.0000000000e+00	9.8733739787e+01	0.0000000000e+00	0.0000000000e+00	0.0000000000e+00	0.0000000000e+00	0.0000000000e+00
3.7382396160e+08	3	3.0384750000e-02	1.7542643592e-02	9.8733739787e+01	3.0000000000e+00	3.0384750000e-02	1.7542643592e-02	8.5293092494e-13	4.9243989912e-13
3.7382406160e+08	1	1.0128250000e-02	1.0128250000e-02	9.8733739787e+01	1.0000000000e+00	1.0128250000e-02	1.0128250000e-02	2.8431030832e-13	2.8431030832e-13
3.7382416160e+08	1	1.0128250000e-02	1.0128250000e-02	9.8733739787e+01	1.0000000000e+00	1.0128250000e-02	1.0128250000e-02	2.8431030832e-13	2.8431030832e-13
3.7382426160e+08	0	0.0000000000e+00	0.0000000000e+00	9.8733739787e+01	0.0000000000e+00	0.0000000000e+00	0.0000000000e+00	0.0000000000e+00	0.0000000000e+00
3.7382436160e+08	0	0.0000000000e+00	0.0000000000e+00	9.8733739787e+01	0.0000000000e+00	0.0000000000e+00	0.0000000000e+00	0.0000000000e+00	0.0000000000e+00
3.7382446160e+08	3	3.0384750000e-02	1.7542643592e-02	9.8733739787e+01	2.8095238095e+00	2.8455559524e-02	1.7648402763e-02	8.5293092494e-13	4.9243989912e-13
3.7382456160e+08	3	3.0384750000e-02	1.7542643592e-02	9.8733739787e+01	3.0000000000e+00	3.0384750000e-02	1.7542643592e-02	8.5293092494e-13	4.9243989912e-13
3.7382466160e+08	0	0.0000000000e+00	0.0000000000e+00	9.8733739787e+01	0.0000000000e+00	0.0000000000e+00	0.0000000000e+00	0.0000000000e+00	0.0000000000e+00
3.7382476160e+08	4	4.0513000000e-02	2.0256500000e-02	9.8733739787e+01	4.0000000000e+00	4.0513000000e-02	2.0256500000e-02	1.1372412333e-12	5.6862061663e-13
3.7382486160e+08	1	1.0128250000e-02	1.0128250000e-02	9.8733739787e+01	1.0000000000e+00	1.0128250000e-02	1.0128250000e-02	2.8431030832e-13	2.8431030832e-13
3.7382496160e+08	2	2.0256500000e-02	1.4323508513e-02	9.8733739787e+01	2.0000000000e+00	2.0256500000e-02	1.4323508513e-02	5.6862061663e-13	4.0207549394e-13
3.7382506160e+08	4	4.0513000000e-02	2.0256500000e-02	9.8733739787e+01	4.0000000000e+00	4.0513000000e-02	2.0256500000e-02	1.1372412333e-12	5.6862061663e-13
3.7382516160e+08	2	2.0256500000e-02	1.4323508513e-02	9.8733739787e+01	1.8095238095e+00	1.8327309524e-02	1.4452843043e-02	5.6862061663e-13	4.0207549394e-13
3.7382526160e+08	0	0.0000000000e+00	0.0000000000e+00	9.8733739787e+01	0.0000000000e+00	0.0000000000e+00	0.0000000000e+00	0.0000000000e+00	0.0000000000e+00
3.7382536160e+08	2	2.0256500000e-02	1.4323508513e-02	9.8733739787e+01	2.0000000000e+00	2.0256500000e-02	1.4323508513e-02	5.6862061663e-13	4.0207549394e-13
3.7382546160e+08	3	3.0384750000e-02	1.7542643592e-02	9.8733739787e+01	3.0000000000e+00	3.0384750000e-02	1.7542643592e-02	8.5293092494e-13	4.9243989912e-13
3.7382556160e+08	0	0.0000000000e+00	0.0000000000e+00	9.8733739787e+01	-1.9047619048e-01	-1.9291904762e-03	1.9291904762e-03	0.0000000000e+00	0.0000000000e+00
3.7382566160e+08	4	4.0513000000e-02	2.0256500000e-02	9.8733739787e+01	4.0000000000e+00	4.0513000000e-02	2.0256500000e-02	1.1372412333e-12	5.6862061663e-13
3.7382576160e+08	2	2.0256500000e-02	1.4323508513e-02	9.8733739787e+01	2.0000000000e+00	2.0256500000e-02	1.4323508513e-02	5.6862061663e-13	4.0207549394e-13
3.7382586160e+08	7	7.0897750000e-02	2.6796830716e-02	9.8733739787e+01	7.0000000000e+00	7.0897750000e-02	2.6796830716e-02	1.9901721582e-12	7.5221437097e-13
3.7382596160e+08	3	3.0384750000e-02	1.7542643592e-02	9.8733739787e+01	2.8095238095e+00	2.8455559524e-02	1.7648402763e-02	8.5293092494e-13	4.9243989912e-13
3.7382606160e+08	2	2.0256500000e-02	1.4323508513e-02	9.8733739787e+01	2.0000000000e+00	2.0256500000e-02	1.4323508513e-02	5.6862061663e-13	4.0207549394e-13
3.7382616160e+08	3	3.0384750000e-02	1.7542643592e-02	9.8733739787e+01	3.0000000000e+00	3.0384750000e-02	1.7542643592e-02	8.5293092494e-13	4.9243989912e-13
3.7382626160e+08	4	4.0513000000e-02	2.0256500000e-02	9.8733739787e+01	4.0000000000e+00	4.0513000000e-02	2.0256500000e-02	1.1372412333e-12	5.6862061663e-13
3.7382636160e+08	1	1.0128250000e-02	1.0128250000e-02	9.8733739787e+01	1.0000000000e+00	1.0128250000e-02	1.0128250000e-02	2.8431030832e-13	2.8431030832e-13
3.7382646160e+08	0	0.0000000000e+00	0.0000000000e+00	9.8733739787e+01	0.0000000000e+00	0.0000000000e+00	0.0000000000e+00	0.0000000000e+00	0.0000000000e+00
3.7382656160e+08	1	1.0128250000e-02	1.0128250000e-02	9.8733739787e+01	8.0952380952e-01	8.1990595238e-03	1.0310345482e-02	2.8431030832e-13	2.8431030832e-13
3.7382666160e+08	2	2.0256500000e-02	1.4323508513e-02	9.8733739787e+01	2.0000000000e+00	2.0256500000e-02	1.4323508513e-02	5.6862061663e-13	4.0207549394e-13
3.7382676160e+08	0	0.0000000000e+00	0.0000000000e+00	9.8733739787e+01	-1.9047619048e-01	-1.9291904762e-03	1.9291904762e-03	0.0000000000e+00	0.0000000000e+00
3.7382686160e+08	3	3.0384750000e-02	1.7542643592e-02	9.8733739787e+01	3.0000000000e+00	3.0384750000e-02	1.7542643592e-02	8.5293092494e-13	4.9243989912e-13
3.7382696160e+08	2	2.0256500000e-02	1.4323508513e-02	9.8733739787e+01	2.0000000000e+00	2.0256500000e-02	1.4323508513e-02	5.6862061663e-13	4.0207549394e-13
3.7382706160e+08	5	5.0641250000e-02	2.2647455493e-02	9.8733739787e+01	5.0000000000e+00	5.0641250000e-02	2.2647455493e-02	1.4215515416e-12	6.3573717609e-13
3.7382716160e+08	5	5.0641250000e-02	2.2647455493e-02	9.8733739787e+01	5.0000000000e+00	5.0641250000e-02	2.2647455493e-02	1.4215515416e-12	6.3573717609e-13
3.7382726160e+08	3	3.0384750000e-02	1.7542643592e-02	9.8733739787e+01	3.0000000000e+00	3.0384750000e-02	1.7542643592e-02	8.5293092494e-13	4.9243989912e-13
3.7382736160e+08	3	3.0384750000e-02	1.7542643592e-02	9.8733739787e+01	3.0000000000e+00	3.0384750000e-02	1.7542643592e-02	8.5293092494e-13	4.9243989912e-13
3.7382746160e+08	3	3.0384750000e-02	1.7542643592e-02	9.8733739787e+01	3.0000000000e+00	3.0384750000e-02	1.7542643592e-02	8.5293092494e-13	4.9243989912e-13
3.7382756160e+08	3	3.0384750000e-02	1.7542643592e-02	9.8733739787e+01	3.0000000000e+00	3.0384750000e-02	1.7542643592e-02	8.5293092494e-13	4.9243989912e-13
3.7382766160e+08	5	5.0641250000e-02	2.2647455493e-02	9.8733739787e+01	5.0000000000e+00	5.0641250000e-02	2.2647455493e-02	1.4215515416e-12	6.3573717609e-13
3.7382776160e+08	3	3.0384750000e-02	1.7542643592e-02	9.8733739787e+01	3.0000000000e+00	3.0384750000e-02	1.7542643592e-02	8.5293092494e-13	4.9243989912e-13
3.7382786160e+08	1	1.0128250000e-02	1.0128250000e-02	9.8733739787e+01	1.0000000000e+00	1.0128250000e-02	1.0128250000e-02	2.8431030832e-13	2.8431030832e-13
3.7382796160e+08	3	3.0384750000e-02	1.7542643592e-02	9.8733739787e+01	3.0000000000e+00	3.0384750000e-02	1.7542643592e-02	8.5293092494e-13	4.9243989912e-13
3.7382806160e+08	5	5.0641250000e-02	2.2647455493e-02	9.8733739787e+01	5.0000000000e+00	5.0641250000e-02	2.2647455493e-02	1.4215515416e-12	6.3573717609e-13
3.7382816160e+08	2	2.0256500000e-02	1.4323508513e-02	9.8733739787e+01	2.0000000000e+00	2.0256500000e-02	1.4323508513e-02	5.6862061663e-13	4.0207549394e-13
3.7382826160e+08	3	3.0384750000e-02	1.7542643592e-02	9.8733739787e+01	3.0000000000e+00	3.0384750000e-02	1.7542643592e-02	8.5293092494e-13	4.9243989912e-13
3.7382836160e+08	5	5.0641250000e-02	2.2647455493e-02	9.8733739787e+01	5.0000000000e+00	5.0641250000e-02	2.2647455493e-02	1.4215515416e-12	6.3573717609e-13
3.7382846160e+08	3	3.0384750000e-02	1.7542643592e-02	9.8733739787e+01	3.0000000000e+00	3.0384750000e-02	1.7542643592e-02	8.5293092494e-13	4.9243989912e-13
3.7382856160e+08	0	0.0000000000e+00	0.0000000000e+00	9.8733739787e+01	0.0000000000e+00	0.0000000000e+00	0.0000000000e+00	0.0000000000e+00	0.0000000000e+00
3.7382866160e+08	3	3.0384750000e-02	1.7542643592e-02	9.8733739787e+01	3.0000000000e+00	3.0384750000e-02	1.7542643592e-02	8.5293092494e-13	4.9243989912e-13
3.7382876160e+08	6	6.0769500000e-02	2.4809044487e-02	9.8733739787e+01	6.0000000000e+00	6.0769500000e-02	2.4809044487e-02	1.7058618499e-12	6.9641518398e-13
3.7382886160e+08	0	0.0000000000e+00	0.0000000000e+00	9.8733739787e+01	0.0000000000e+00	0.0000000000e+00	0.0000000000e+00	0.0000000000e+00	0.0000000000e+00
3.7382896160e+08	4	4.0513000000e-02	2.0256500000e-02	9.8733739787e+01	4.0000000000e+00	4.0513000000e-02	2.0256500000e-02	1.1372412333e-12	5.6862061663e-13
3.7382906160e+08	5	5.0641250000e-02	2.2647455493e-02	9.8733739787e+01	5.0000000000e+00	5.0641250000e-02	2.2647455493e-02	1.4215515416e-12	6.3573717609e-13
3.7382916160e+08	5	5.0641250000e-02	2.2647455493e-02	9.8733739787e+01	5.0000000000e+00	5.0641250000e-02	2.2647455493e-02	1.4215515416e-12	6.3573717609e-13
3.7382926160e+08	4	4.0513000000e-02	2.0256500000e-02	9.8733739787e+01	4.0000000000e+00	4.0513000000e-02	2.0256500000e-02	1.1372412333e-12	5.6862061663e-13
3.7382936160e+08	3	3.0384750000e-02	1.7542643592e-02	9.8733739787e+01	3.0000000000e+00	3.0384750000e-02	1.7542643592e-02	8.5293092494e-13	4.9243989912e-13
3.7382946160e+08	3	3.0384750000e-02	1.7542643592e-02	9.8733739787e+01	3.0000000000e+00	3.0384750000e-02	1.7542643592e-02	8.5293092494e-13	4.9243989912e-13
3.7382956160e+08	6	6.0769500000e-02	2.4809044487e-02	9.8733739787e+01	6.0000000000e+00	6.0769500000e-02	2.4809044487e-02	1.7058618499e-12	6.9641518398e-13
3.7382966160e+08	0	0.0000000000e+00	0.0000000000e+00	9.8733739787e+01	0.0000000000e+00	0.0000000000e+00	0.0000000000e+00	0.0000000000e+00	0.0000000000e+00
3.7382976160e+08	4	4.0513000000e-02	2.0256500000e-02	9.8733739787e+01	4.0000000000e+00	4.0513000000e-02	2.0256500000e-02	1.1372412333e-12	5.6862061663e-13
3.7382986160e+08	1	1.0128250000e-02	1.0128250000e-02	9.8733739787e+01	1.0000000000e+00	1.0128250000e-02	1.0128250000e-02	2.8431030832e-13	2.8431030832e-13
3.7382996160e+08	1	1.0128250000e-02	1.0128250000e-02	9.8733739787e+01	1.0000000000e+00	1.0128250000e-02	1.0128250000e-02	2.8431030832e-13	2.8431030832e-13
3.7383006160e+08	2	2.0256500000e-02	1.4323508513e-02	9.8733739787e+01	2.0000000000e+00	2.0256500000e-02	1.4323508513e-02	5.6862061663e-13	4.0207549394e-13
3.7383016160e+08	3	3.0384750000e-02	1.7542643592e-02	9.8733739787e+01	3.0000000000e+00	3.0384750000e-02	1.7542643592e-02	8.5293092494e-13	4.9243989912e-13
3.7383026160e+08	5	5.0641250000e-02	2.2647455493e-02	9.8733739787e+01	5.0000000000e+00	5.0641250000e-02	2.2647455493e-02	1.4215515416e-12	6.3573717609e-13
3.7383036160e+08	3	3.0384750000e-02	1.7542643592e-02	9.8733739787e+01	3.0000000000e+00	3.0384750000e-02	1.7542643592e-02	8.5293092494e-13	4.9243989912e-13
3.7383046160e+08	5	5.0641250000e-02	2.2647455493e-02	9.8733739787e+01	5.0000000000e+00	5.0641250000e-02	2.2647455493e-02	1.4215515416e-12	6.3573717609e-13
3.7383056160e+08	2	2.0256500000e-02	1.4323508513e-02	9.8733739787e+01	2.0000000000e+00	2.0256500000e-02	1.4323508513e-02	5.6862061663e-13	4.0207549394e-13
3.7383066160e+08	4	4.0513000000e-02	2.0256500000e-02	9.8733739787e+01	4.0000000000e+00	4.0513000000e-02	2.0256500000e-02	1.1372412333e-12	5.6862061663e-13
3.7383076160e+08	4	4.0513000000e-02	2.0256500000e-02	9.8733739787e+01	4.0000000000e+00	4.0513000000e-02	2.0256500000e-02	1.1372412333e-12	5.6862061663e-13
3.7383086160e+08	1	1.0128250000e-02	1.0128250000e-02	9.8733739787e+01	1.0000000000e+00	1.0128250000e-02	1.0128250000e-02	2.8431030832e-13	2.8431030832e-13
3.7383096160e+08	2	2.7686223821e-02	1.9577116610e-02	7.2238092595e+01	2.0000000000e+00	2.7686223821e-02	1.9577116610e-02	7.7718054260e-13	5.4954963190e-13
3.7383106160e+08	0	0.0000000000e+00	0.0000000000e+00	0.0000000000e+00	nan	0.0000000000e+00	nan	0.0000000000e+00	0.0000000000e+00
3.7383116160e+08	0	0.0000000000e+00	0.0000000000e+00	0.0000000000e+00	nan	0.0000000000e+00	nan	0.0000000000e+00	0.0000000000e+00
3.7383126160e+08	0	0.0000000000e+00	0.0000000000e+00	0.0000000000e+00	nan	0.0000000000e+00	nan	0.0000000000e+00	0.0000000000e+00
3.7383136160e+08	0	0.0000000000e+00	0.0000000000e+00	0.0000000000e+00	nan	0.0000000000e+00	nan	0.0000000000e+00	0.0000000000e+00
3.7383146160e+08	0	0.0000000000e+00	0.0000000000e+00	0.0000000000e+00	nan	0.0000000000e+00	nan	0.0000000000e+00	0.0000000000e+00
3.7383156160e+08	0	0.0000000000e+00	0.0000000000e+00	0.0000000000e+00	nan	0.0000000000e+00	nan	0.0000000000e+00	0.0000000000e+00
3.7383166160e+08	0	0.0000000000e+00	0.0000000000e+00	0.0000000000e+00	nan	0.0000000000e+00	nan	0.0000000000e+00	0.0000000000e+00
